Date,Open,High,Low,Close,Volume,Dividends,Stock Splits,daily_return,cum_return,middle_band,upper_band,lower_band,Conversion,Baseline,SpanA,SpanB,Lagging
2019-03-11 00:00:00-04:00,59.40434726755568,59.94107537941903,59.33156845695982,59.90468597412109,2722600,0.0,0.0,,,,,,,,,,62.806671142578125
2019-03-12 00:00:00-04:00,60.013852359691306,60.39593069281273,59.66815649018882,59.80461502075195,2502900,0.0,0.0,-0.0016705029288086592,0.9983294970711913,,,,,,,,62.87075424194336
2019-03-13 00:00:00-04:00,59.86829059581424,60.59606474802466,59.86829059581424,60.51418685913086,3894700,0.0,0.0,0.011864834145871361,1.0101745109768723,,,,,,,,63.48408126831055
2019-03-14 00:00:00-04:00,60.44141787730579,60.63245703973895,60.09572201527233,60.26856994628906,3293700,0.0,0.0,-0.004058831913474448,1.006074382433541,,,,,,,,63.71293258666992
2019-03-15 00:00:00-04:00,60.36864433947992,61.14190014269509,60.22308671316808,61.1328010559082,6641100,0.0,0.0,0.014339665108850985,1.020501152152232,,,,,,,,63.1728401184082
2019-03-18 00:00:00-04:00,61.17828705881378,61.26925710127063,60.13211421913655,60.304962158203125,2939900,0.0,0.0,-0.013541648401616535,1.0066818843563419,,,,,,,,63.0355339050293
2019-03-19 00:00:00-04:00,60.23218464519707,60.23218464519707,59.52260858195475,59.81371688842773,4623600,0.0,0.0,-0.00814601737891274,0.9984814362313384,,,,,,,,62.8799057006836
2019-03-20 00:00:00-04:00,59.9319872559064,59.9319872559064,59.03137186688964,59.23151016235352,3788900,0.0,0.0,-0.00973366572688017,0.9887625516965673,,,,,,,,65.26914978027344
2019-03-21 00:00:00-04:00,59.13143668576237,59.99566259955699,59.0859481890068,59.88650131225586,2793800,0.0,0.0,0.01105815381216857,0.9996964400769403,,,,60.15031448408014,,,,65.34236907958984
2019-03-22 00:00:00-04:00,59.84100706313356,60.44142184785398,59.31337108999794,60.04114532470703,2877600,0.0,0.0,0.002582284973450699,1.0022779411721632,,,,60.15031448408014,,,,66.63311767578125
2019-03-25 00:00:00-04:00,59.95928078431073,60.468718638788566,59.88650196493669,60.277679443359375,2972600,0.0,0.0,0.0039395337542804665,1.0062264489525816,,,,60.15031448408014,,,,65.2599868774414
2019-03-26 00:00:00-04:00,60.59607684657082,61.23287415147067,60.46871738559086,60.87808609008789,2297300,0.0,0.0,0.009960679513097315,1.0162491481282003,,,,60.15031448408014,,,,65.74515533447266
2019-03-27 00:00:00-04:00,60.97814072326204,61.26924898490233,60.46870300053363,60.9599494934082,2918900,0.0,0.0,0.0013447105285007144,1.0176157090572682,,,,60.15031448408014,,,,65.86417388916016
2019-03-28 00:00:00-04:00,61.060024130887534,61.46029368898538,61.060024130887534,61.28745269775391,2958900,0.0,0.0,0.0053724323439789945,1.0230827806063485,,,,60.24583277793751,,,,65.62615966796875
2019-03-29 00:00:00-04:00,61.40571814986629,62.41550162579855,61.28745778388643,62.35182189941406,4598700,0.0,0.0,0.01736683700837105,1.04085049250321,,,,60.72343674634409,,,,64.54597473144531
2019-04-01 00:00:00-04:00,62.20624811102104,62.33360753070026,61.70590951672919,62.13347625732422,4139300,0.0,0.0,-0.00350183259186998,1.0372056083252983,,,,60.72343674634409,,,,64.9853515625
2019-04-02 00:00:00-04:00,62.05160502405603,62.479171810441365,61.66952672409965,62.19716262817383,3130000,0.0,0.0,0.001024992881226483,1.0382687366902,,,,60.782559999724086,,,,64.85720825195312
2019-04-03 00:00:00-04:00,62.060725574490384,62.10620713608154,61.46940974923753,61.69683837890625,3791300,0.0,0.0,-0.008044165169697637,1.0299167314817306,,,,60.89627145021966,,,,65.45223236083984
2019-04-04 00:00:00-04:00,61.86055952203738,61.86055952203738,61.178273939073726,61.45119094848633,2541700,0.0,0.0,-0.003981523800479003,1.0258160935028244,,,,61.18283688768903,,,,65.50714874267578
2019-04-05 00:00:00-04:00,61.44211086487097,61.78779983520508,61.36933204777853,61.78779983520508,1981000,0.0,0.0,0.005477662540355421,1.0314351678914986,60.79620761871338,62.60825931404763,58.984155923379134,61.4739374054875,,,,65.13184356689453
2019-04-08 00:00:00-04:00,61.906066182309736,62.02432655281245,61.64224817989302,61.87876892089844,1678100,0.0,0.0,0.0014722823265431728,1.0329537316601602,60.894911766052246,62.71710440970626,59.07271912239823,61.4739374054875,,,,65.3057632446289
2019-04-09 00:00:00-04:00,61.68771909642659,61.987926455051216,61.49667994291147,61.960636138916016,2102100,0.0,0.0,0.001323025965856317,1.034320356268675,61.00271282196045,62.80900216024542,59.19642348367548,61.76959797066445,,,,66.36764526367188
2019-04-10 00:00:00-04:00,61.906055506645615,62.21535501026951,61.69681818199456,61.960636138916016,2023100,0.0,0.0,0.0,1.034320356268675,61.07503528594971,62.9131888248886,59.23688174701082,61.828722874757545,,,,65.88247680664062
2019-04-11 00:00:00-04:00,62.14258210573743,62.29723881279884,61.63314431467215,61.94244384765625,2508900,0.0,0.0,-0.0002936104661510619,1.0340166689867214,61.158728981018065,62.99478692395798,59.32267103807815,61.828722874757545,,,,65.63529968261719
2019-04-12 00:00:00-04:00,61.86968385017823,62.56106185913086,61.578575493626936,62.56106185913086,3849700,0.0,0.0,0.009986981027033215,1.044343373841528,61.2301420211792,63.16610778044326,59.29417626191513,61.869667899102296,,,,65.47969055175781
2019-04-15 00:00:00-04:00,62.32451822907974,62.67020710674983,62.251739431496105,62.5064582824707,2907500,0.0,0.0,-0.0008728045055103051,1.0434318662395392,61.34021682739258,63.303699600035515,59.37673405474965,61.924240522911774,60.850789486819735,,,65.47969055175781
2019-04-16 00:00:00-04:00,62.515562867201055,63.01590152832824,62.515562867201055,62.806671142578125,3183400,0.0,0.0,0.00480290946498263,1.0484433750259656,61.4898645401001,63.42076328588342,59.558965794316784,62.09708773370099,61.02363669760894,,,65.68108367919922
2019-04-17 00:00:00-04:00,63.06299071212751,63.127069535522224,62.75175270822972,62.87075424194336,2633600,0.43,0.0,0.0010203231312762018,1.049513126053338,61.67182674407959,63.38904129740126,59.95461219075791,62.248200791650376,61.079220701205934,,,65.17759704589844
2019-04-18 00:00:00-04:00,63.16368715059215,63.520698736630926,62.95313845376694,63.48408126831055,3369000,0.0,0.0,0.00975536294676771,1.059751507515385,61.85170574188233,63.53621491743554,60.16719656632912,62.508689339771195,61.27603530176029,,,64.17979431152344
2019-04-22 00:00:00-04:00,63.50239088257251,64.1340229789324,63.48407865713155,63.71293258666992,3901700,0.0,0.0,0.0036048614674306645,1.0635717648898788,62.03529510498047,63.690254200954634,60.38033600900631,62.81535146092194,61.582697422911025,,,64.0516357421875
2019-04-23 00:00:00-04:00,63.46577286631862,63.87770714229441,63.04468247770163,63.1728401184082,3388000,0.0,0.0,-0.008476967647455536,1.05455590144816,62.18005313873291,63.693717919631986,60.66638835783383,62.85629923627967,61.582697422911025,,,64.85720825195312
2019-04-24 00:00:00-04:00,62.78836772262506,63.603094227523805,62.44051222539397,63.0355339050293,3600900,0.0,0.0,-0.0021735007183711907,1.0522638234388,62.28792552947998,63.71948498581304,60.856366073146916,62.85629923627967,61.582697422911025,,,63.731239318847656
2019-04-25 00:00:00-04:00,62.7059744854574,63.13622097529015,62.28488410802271,62.8799057006836,3191200,0.0,0.0,-0.0024688964256283086,1.0496658930462939,62.38392333984375,63.69784371273606,61.070002966951435,62.85629923627967,61.582697422911025,,,64.71073913574219
2019-04-26 00:00:00-04:00,63.69463347604787,65.45223014789896,63.60309329223511,65.26914978027344,5956000,0.0,0.0,0.03799694120030872,1.0895499862643434,62.583008193969725,64.31683714895917,60.84917923898029,63.85198478969753,62.26908916845288,,,64.82974243164062
2019-04-29 00:00:00-04:00,65.22336755480676,65.52545640702625,64.80227717780416,65.34236907958984,3383900,0.0,0.0,0.0011218056242940921,1.0907722495668843,62.73253555297852,64.84071697924577,60.624354126711275,63.90517025752448,62.4194137485121,,,65.83670043945312
2019-04-30 00:00:00-04:00,65.46138655594346,66.68804038950228,65.20507124648749,66.63311767578125,4050200,0.0,0.0,0.019753624093721056,1.1123189545566912,62.95751762390137,65.64887500925853,60.2661602385442,64.48646224876249,63.28727117721948,,,66.92606353759766
2019-05-01 00:00:00-04:00,65.98316612724349,66.34017769581992,65.21421329826283,65.2599868774414,3919100,0.0,0.0,-0.020607332303151815,1.089397028233047,63.11065883636475,65.95733322177671,60.26398445095279,64.48646224876249,63.57837169501795,,,67.73161315917969
2019-05-02 00:00:00-04:00,65.27829137165087,65.84585162025907,65.20506342349782,65.74515533447266,2209900,0.0,0.0,0.0074343940329377745,1.0974960349992429,63.31307468414307,66.30256102687235,60.32358834141378,64.48646224876249,63.57837169501795,,,66.8528060913086
2019-05-03 00:00:00-04:00,65.78178980716388,65.96487020097962,65.52547446219413,65.86417388916016,2436700,0.0,0.0,0.0018103015208041917,1.0994828337404785,63.53372383117676,66.59233642026385,60.47511124208967,64.48646224876249,63.87403226019491,,,67.12742614746094
2019-05-06 00:00:00-04:00,65.47968979044808,65.70854373602302,65.17760090611281,65.62615966796875,2383300,0.0,0.0,-0.0036137129965669867,1.0955096183346882,63.72564182281494,66.80380483655706,60.64747880907283,64.48646224876249,63.933157164288005,,,66.8711166381836
2019-05-07 00:00:00-04:00,65.24168576176825,65.5254694296775,63.667176337298855,64.54597473144531,4125500,0.0,0.0,-0.01645967007651461,1.0774778914512508,63.859002113342285,66.83382570893917,60.8841785177454,64.48646224876249,63.933157164288005,,,66.59649658203125
2019-05-08 00:00:00-04:00,64.64665225991686,65.45221547457061,64.12486564668505,64.9853515625,3273900,0.0,0.0,0.006807191817658431,1.0848124901376457,64.01023788452149,66.88859610792804,61.13187966111494,65.1455668408687,63.933157164288005,,,67.145751953125
2019-05-09 00:00:00-04:00,64.75651195488801,65.06775695965338,64.36288288019755,64.85720825195312,2415200,0.0,0.0,-0.0019718799308738877,1.0826733701595819,64.15506649017334,66.89291190419445,61.41722107615224,65.17760836340057,63.933157164288005,,,67.20067596435547
2019-05-10 00:00:00-04:00,64.59173923895622,65.52546730399347,64.33542392198713,65.45223236083984,2341200,0.0,0.0,0.009174371283068528,1.092606217635717,64.33055591583252,66.92316385973439,61.73794797193066,65.17760836340057,63.933157164288005,,,66.72467041015625
2019-05-13 00:00:00-04:00,64.8846657541913,65.58953979177485,64.62835046200381,65.50714874267578,2601300,0.0,0.0,0.0008390299284704028,1.0935229469523462,64.47786026000976,66.98399261030845,61.97172790971107,65.00367701655938,64.0286862186404,,,67.31051635742188
2019-05-14 00:00:00-04:00,65.45223773943458,65.88248433573227,65.11353133756701,65.13184356689453,2855400,0.0,0.0,-0.005729224717984871,1.0872579082549831,64.60912952423095,66.9568303558247,62.26142869263719,64.81602326913924,64.09236016620687,,,67.37460327148438
2019-05-15 00:00:00-04:00,65.15930034066312,65.38815430266544,64.98536909463938,65.3057632446289,4454400,0.0,0.0,0.00267027107187201,1.0901611815950605,64.7340841293335,66.94537302846241,62.52279523020458,64.81602326913924,64.09236016620687,,,66.77957153320312
2019-05-16 00:00:00-04:00,65.68108341611665,66.9168933449024,65.52546440684719,66.36764526367188,3581300,0.0,0.0,0.016260157852612034,1.1078873744925861,64.90892868041992,67.05455749451747,62.76329986632238,65.29203484110063,64.24773441926467,,,67.71329498291016
2019-05-17 00:00:00-04:00,65.87332069302323,66.23033229934966,65.6536228546843,65.88247680664062,2764200,0.0,0.0,-0.007310315969531911,1.0997883677263902,65.02884845733642,67.1089257535814,62.94877116109144,65.29203484110063,64.24773441926467,,,67.65838623046875
2019-05-20 00:00:00-04:00,65.98316210138773,66.44086992897661,65.53460340182227,65.63529968261719,3149900,0.0,0.0,-0.0037517885787579086,1.0956621942893034,65.12496681213379,67.12836533250007,63.12156829176752,65.52087949579374,64.24773441926467,,,66.23033905029297
2019-05-21 00:00:00-04:00,65.64446567385028,65.82755302287981,65.44307308195191,65.47969055175781,2538200,0.0,0.0,-0.0023708146624122906,1.0930645822940315,65.24030933380126,67.03328044008471,63.44733822751782,65.62615863344476,64.58431638819926,,,66.03807830810547
2019-05-22 00:00:00-04:00,65.24168049005354,65.58954296117554,65.0128265418178,65.47969055175781,3862500,0.0,0.0,0.0,1.0930645822940315,65.36251716613769,66.84004499251503,63.884989339760345,65.62615863344476,64.60088872646256,61.387515004865755,,65.60785675048828
2019-05-23 00:00:00-04:00,65.33322818930915,65.7085450357605,65.09521812566423,65.68108367919922,2855100,0.0,0.0,0.0030756578985695615,1.0964264750102108,65.50257606506348,66.43965459543492,64.56549753469204,65.77262190345311,64.60088872646256,61.56036221565496,,65.9831771850586
2019-05-24 00:00:00-04:00,65.81839224599734,65.90993242199211,65.12267433711511,65.17759704589844,2267800,0.0,0.0,-0.007665626160492711,1.0880216795403157,65.49799842834473,66.44053122648803,64.55546563020143,65.9511312197709,64.60088872646256,61.66371074642815,,66.58734130859375
2019-05-28 00:00:00-04:00,65.25998510048964,65.55291784068044,64.15233295839109,64.17979431152344,3327700,0.0,0.0,-0.015308983141436472,1.0713651739907155,65.4398696899414,66.54492361051894,64.33481576936387,65.53461315164674,64.60088872646256,61.89236232076574,,67.74076080322266
2019-05-29 00:00:00-04:00,64.00586216492134,64.28048966038364,63.76785911852582,64.0516357421875,3580200,0.0,0.0,-0.0019968678726807187,1.0692257992948644,65.31079559326172,66.43130742489357,64.19028376162986,65.34237623171411,64.60088872646256,62.19902444191648,,66.95350646972656
2019-05-30 00:00:00-04:00,64.26218658313243,64.88466960859483,64.26218658313243,64.85720825195312,1834400,0.0,0.0,0.01257692329682425,1.0826733701595814,65.2906566619873,66.42863008088406,64.15268324309054,65.10436452375122,64.60088872646256,62.219498329595346,,67.17320251464844
2019-05-31 00:00:00-04:00,64.54595867905478,64.68327242175569,63.56646422441998,63.731239318847656,3031300,0.0,0.0,-0.017360736970536528,1.0638773625552367,65.18996086120606,66.49529439820085,63.884627324211266,65.00366707669829,64.60088872646256,62.219498329595346,,66.92606353759766
2019-06-03 00:00:00-04:00,63.80447254925857,64.81143542312925,63.7037762618715,64.71073913574219,3652200,0.0,0.0,0.015369225945757847,1.0802283341189252,65.13228912353516,66.41485354588464,63.84972470118567,64.73819832320605,65.24167878466119,62.219498329595346,,67.2739028930664
2019-06-04 00:00:00-04:00,65.00367365715361,65.2416767210402,64.57342714187486,64.82974243164062,3757600,0.0,0.0,0.0018390038112345852,1.0822148781423735,65.09246826171875,66.3604394425921,63.824497080845404,64.73819832320605,65.24167878466119,63.06053697907521,,67.64006042480469
2019-06-05 00:00:00-04:00,65.10437201459219,65.86416179507604,64.66496937242117,65.83670043945312,2675200,0.0,0.0,0.015532346266442065,1.0990242143643763,65.15700454711914,66.43861013751913,63.87539895671915,64.73819832320605,65.24167878466119,63.162292003018294,,68.08861541748047
2019-06-06 00:00:00-04:00,66.01064754828194,67.05422121737628,65.96487395518825,66.92606353759766,3866500,0.0,0.0,0.016546441283860513,1.1172091539968974,65.25404014587403,66.74777557532012,63.76030471642794,65.31034272089813,65.31034272089813,63.88686671299099,,67.74076080322266
2019-06-07 00:00:00-04:00,67.00843383831507,67.86892692614077,66.944355011609,67.73161315917969,3453800,0.0,0.0,0.012036411212643428,1.1306563427849334,65.39776039123535,67.2299701246335,63.56555065783721,65.71769557528037,65.71769557528037,64.03241697189023,,68.19847106933594
2019-06-10 00:00:00-04:00,67.61260278300264,67.82314447863467,66.70634321400814,66.8528060913086,3191000,0.0,0.0,-0.012974843309958684,1.115986253899888,65.4677890777588,67.40805421916752,63.527523936350065,65.71769557528037,65.71769557528037,64.03241697189023,,67.90383911132812
2019-06-11 00:00:00-04:00,66.99926852500558,67.14573138606886,66.62394478491015,67.12742614746094,3184700,0.0,0.0,0.004107831401680695,1.1205705372775019,65.54880294799804,67.6211651067533,63.476440789242794,65.71769557528037,65.71769557528037,64.1802472544787,,68.0235366821289
2019-06-12 00:00:00-04:00,67.40205241215209,67.82314277691817,66.68802931606754,66.8711166381836,3230000,0.0,0.0,-0.003818253193773602,1.1162919152446935,65.6357666015625,67.77643995129218,63.495093251832806,65.71769557528037,65.71769557528037,64.20980970652525,,66.93708801269531
2019-06-13 00:00:00-04:00,66.89858545919822,67.00843088066404,65.90077864845311,66.59649658203125,2944600,0.0,0.0,-0.004106706601569421,1.1117076318670795,65.70030326843262,67.87521533760643,63.52539119925881,65.78635159400613,65.71769557528037,64.20980970652525,,66.61481475830078
2019-06-14 00:00:00-04:00,66.70635625127957,67.26476048476258,66.60565994792567,67.145751953125,2591900,0.0,0.0,0.008247511495100834,1.1208764533400946,65.73920860290528,67.98787853940206,63.49053866640849,66.22117703400781,65.71769557528037,64.53936200257834,,66.55036163330078
2019-06-17 00:00:00-04:00,67.14574626822385,67.35629497124737,66.64227177814982,67.20067596435547,2702200,0.0,0.0,0.0008179819219065187,1.1217933100156174,65.80511856079102,68.14320613565711,63.46703098592493,66.26694814928098,65.71769557528037,64.55538276384428,,65.62963104248047
2019-06-18 00:00:00-04:00,67.72247746286413,67.79570543357606,66.53243389190678,66.72467041015625,2677100,0.0,0.0,-0.007083344733789576,1.113847261280718,65.85958709716797,68.2301971370801,63.488977057255845,66.88485278729695,65.71769557528037,64.55538276384428,,66.22811889648438
2019-06-19 00:00:00-04:00,66.55071963834962,67.4020565320416,66.25778688912591,67.31051635742188,3096500,0.0,0.0,0.008780050072400902,1.1236268960077693,65.95112838745118,68.39701757791147,63.50523919699088,66.88485278729695,65.71769557528037,64.5161816175999,,67.8486099243164
2019-06-20 00:00:00-04:00,67.56683975649864,67.85062341119745,67.10913184434987,67.37460327148438,2754500,0.0,0.0,0.00095210848958871,1.1246967107145884,66.0458740234375,68.55801040423586,63.53373764263915,66.87570102982528,65.71769557528037,64.45419171767305,,69.57957458496094
2019-06-21 00:00:00-04:00,67.44782805730432,67.74076079760695,66.71549271451403,66.77957153320312,6209400,0.0,0.0,-0.008831691904493844,1.1147637358795595,66.10079841613769,68.62677656556396,63.574820266711434,66.87570102982528,65.71769557528037,64.45419171767305,,68.81536865234375
2019-06-24 00:00:00-04:00,67.31966598430796,67.90553142631119,67.04503850283963,67.71329498291016,3508100,0.0,0.0,0.013982171916793185,1.1303505540812342,66.22758331298829,68.8100162399097,63.64515038606688,66.90315503738215,65.73599782536559,64.76988463018264,,66.05316925048828
2019-06-25 00:00:00-04:00,67.62176875978516,67.96962425517665,67.10913115428329,67.65838623046875,3178100,0.0,0.0,-0.0008109006134654484,1.1294339521234986,66.40151290893554,68.87389665825432,63.929129159616764,66.93520145181489,65.76804423979831,64.76988463018264,,65.6112289428711
2019-06-26 00:00:00-04:00,67.48446134911258,67.49361746366327,66.1571041020256,66.23033905029297,2831100,0.0,0.0,-0.02110672837083849,1.1055952964832254,66.51044807434081,68.73623869460972,64.2846574540719,67.06336417860112,65.76804423979831,64.8843069575292,,65.55599212646484
2019-06-27 00:00:00-04:00,66.2211586275003,66.3218548983874,65.82753663920806,66.03807830810547,2470800,0.0,0.0,-0.002902910432656891,1.1023858523627679,66.56949157714844,68.67485074273154,64.46413241156534,66.89858044719236,65.76804423979831,65.10523751082201,,63.346229553222656
2019-06-28 00:00:00-04:00,66.38595887903604,66.60566372649146,65.36069752718738,65.60785675048828,5443800,0.0,0.0,-0.006514749802529973,1.0952040843487756,66.66332244873047,68.38237302741787,64.94427187004307,66.66516089118201,65.76804423979831,65.11352367995366,62.974132605896024,64.31299591064453
2019-07-01 00:00:00-04:00,65.87332476706095,66.14795232002066,65.53461838295314,65.9831771850586,3161800,0.0,0.0,0.00572066293824669,1.101469377763926,66.7269443511963,68.23075123799032,65.22313746440227,66.66516089118201,65.76804423979831,65.18675531495784,62.974132605896024,64.8562240600586
2019-07-02 00:00:00-04:00,66.01978799968187,66.81619525162418,65.96485830418827,66.58734130859375,2298100,0.0,0.0,0.009156335740558408,1.1115548011946763,66.81482429504395,68.042175159445,65.5874734306429,66.66516089118201,65.76804423979831,65.27600997311673,62.974132605896024,66.02555847167969
2019-07-03 00:00:00-04:00,66.90772917612796,67.78653438117614,66.82534511669263,67.74076080322266,2291600,0.0,0.0,0.017321903412293782,1.130809046098442,66.91002731323242,68.11404046078839,65.70601416567645,66.66516089118201,65.76804423979831,65.06775093905465,62.974132605896024,65.85061645507812
2019-07-05 00:00:00-04:00,67.27390058097915,67.42952656421711,66.22117108623395,66.95350646972656,3771900,0.0,0.0,-0.011621575018665009,1.1176672639374239,66.91139945983886,68.11554657594375,65.70725234373397,66.66516089118201,65.76804423979831,64.97163247908833,62.974132605896024,65.12324523925781
2019-07-08 00:00:00-04:00,66.94434858636787,67.32882849377063,66.82534705792632,67.17320251464844,2989300,0.0,0.0,0.0032813224654815176,1.121334690639515,66.8834789276123,68.03441466891047,65.73254318631413,66.66516089118201,65.76804423979831,64.8526266251069,62.974132605896024,66.00713348388672
2019-07-09 00:00:00-04:00,66.5415904982618,67.09083869503728,66.5415904982618,66.92606353759766,3885600,0.0,0.0,-0.003679130483571713,1.1172091539968967,66.88714179992675,68.0381306193216,65.7361529805319,66.57361595418176,65.83670025852408,64.80227790158042,62.974132605896024,64.92987060546875
2019-07-10 00:00:00-04:00,67.20982406861361,67.81400182836974,67.1915188262277,67.2739028930664,2392300,0.0,0.0,0.005197367618571258,1.1230157006770516,66.89446563720703,68.05340004956393,65.73553122485013,66.58734967777856,66.27152569852575,64.98993855393363,62.974132605896024,65.7125015258789
2019-07-11 00:00:00-04:00,67.53936414665601,67.65837264850462,66.99011616479682,67.64006042480469,2878200,0.0,0.0,0.005442787113456138,1.1291280360609055,66.93291282653809,68.13684004199706,65.72898561107911,66.58734967777856,66.31729681379892,64.98993855393363,63.0014207669546,66.55036163330078
2019-07-12 00:00:00-04:00,67.73160386282349,68.13438899487439,67.33797484306486,68.08861541748047,2937500,0.0,0.0,0.006631498994215779,1.1366158474963843,67.00751876831055,68.30139044242476,65.71364709419633,66.83450368891377,66.74754326103088,64.98993855393363,63.115132217450174,67.28695678710938
2019-07-15 00:00:00-04:00,68.12523371538909,69.13218957375865,67.62175927823803,67.74076080322266,2487700,0.0,0.0,-0.005108851342107146,1.1308090460984421,67.03726921081542,68.36969827445151,65.70484014717934,67.54852393897346,67.24644355047302,65.31034272089813,63.47036159115649,66.78974914550781
2019-07-16 00:00:00-04:00,67.93299967272289,68.32662871127773,67.70414574296002,68.19847106933594,3485400,0.0,0.0,0.006756792523232358,1.1384496882063235,67.08715896606445,68.51282851625594,65.66148941587296,67.6766803299963,67.24644355047302,65.71769557528037,64.1688149633372,66.85420989990234
2019-07-17 00:00:00-04:00,68.08798230585279,68.26292325788005,67.80255824695578,67.90383911132812,2775100,0.43,0.0,-0.004320213538339668,1.133531342450616,67.14611740112305,68.60446008241432,65.68777471983178,67.6766803299963,67.24644355047302,65.71769557528037,64.1688149633372,67.2501220703125
2019-07-18 00:00:00-04:00,67.89463503119137,68.08798750759767,67.59079943947468,68.0235366821289,2412700,0.0,0.0,0.0017627511546811636,1.135529476133388,67.1817684173584,68.68902343192599,65.67451340279081,67.83689003601023,67.24644355047302,65.71769557528037,64.46447552851416,66.50433349609375
2019-07-19 00:00:00-04:00,67.92226912345927,68.02355001542128,66.92788576769114,66.93708801269531,2417400,0.0,0.0,-0.015971658082268192,1.1173931875982486,67.15989265441894,68.6680268777948,65.65175843104308,67.83689003601023,67.24644355047302,65.71769557528037,64.52360043260725,67.00151824951172
2019-07-22 00:00:00-04:00,67.06597049590106,67.1948791598279,66.38463225600907,66.61481475830078,2945000,0.0,0.0,-0.004814569380929834,1.1120134205707786,67.15165481567382,68.66988450429501,65.63342512705263,67.75841091488385,67.24644355047302,65.75202358464325,64.52360043260725,67.61841583251953
2019-07-23 00:00:00-04:00,67.10279821474168,67.35139924238806,66.38462995640728,66.55036163330078,3986700,0.0,0.0,-0.0009675494142534768,1.1109374926370632,67.09350814819337,68.61030507647303,65.5767112199137,67.75840976508297,67.24644355047302,65.96943630464409,64.52360043260725,68.13401794433594
2019-07-24 00:00:00-04:00,66.14523757705679,66.5871910528452,65.57438949223649,65.62963104248047,3246900,0.0,0.0,-0.013835095230490757,1.0955675666313067,66.99207038879395,68.6131277364255,65.3710130411624,67.35328953299756,67.24644355047302,65.99232186228068,64.52360043260725,68.31816864013672
2019-07-25 00:00:00-04:00,65.49153197858394,66.49513147860795,65.49153197858394,66.22811889648438,4383400,0.0,0.0,0.009119171394038839,1.1055582350451676,66.99195938110351,68.61322794025257,65.37069082195445,67.3118607761713,67.24644355047302,66.30127418128866,64.52360043260725,68.27212524414062
2019-07-26 00:00:00-04:00,66.21891355482497,67.93147226957163,66.09922115902945,67.8486099243164,4036200,0.0,0.0,0.02446832334714033,1.1326093914193465,67.08248596191406,68.68241702724652,65.4825548965816,66.90908034493083,67.24644355047302,66.30127418128866,64.61912948695965,68.41944885253906
2019-07-29 00:00:00-04:00,67.99591766150678,69.67164619163805,67.87622527528787,69.57957458496094,4635900,0.0,0.0,0.025512161009273226,1.1615047045738518,67.2810718536377,69.0758928544837,65.4862508527917,67.58158908511099,67.51617185941271,66.29669830255283,64.68280343452612,68.93506622314453
2019-07-30 00:00:00-04:00,69.52433479347025,70.35299332385871,68.52073528871823,68.81536865234375,5020600,0.0,0.0,-0.01098319351872501,1.1487476736306077,67.42268142700195,69.23256108284399,65.61280177115991,67.92226265122133,67.85684542552305,66.29669830255283,64.68280343452612,68.40104675292969
2019-07-31 00:00:00-04:00,68.677248385983,68.99030024360323,65.69408510692651,66.05316925048828,5187400,0.0,0.0,-0.04013928074424977,1.102637768254445,67.39597282409667,69.26971574367924,65.5222299045141,67.92226265122133,67.85684542552305,66.31957643137386,64.74205345996906,68.7785415649414
2019-08-01 00:00:00-04:00,65.95189458437815,66.72531152176617,65.56518962799075,65.6112289428711,4618400,0.0,0.0,-0.006690675294341308,1.0952603769797773,67.2894962310791,69.31065116890336,65.26834129325484,67.92226265122133,67.85684542552305,66.3516228458066,64.7740998744018,67.38823699951172
2019-08-02 00:00:00-04:00,65.64807077275235,66.08080809707712,65.21532642381311,65.55599212646484,3813500,0.0,0.0,-0.00084188053319878,1.094338298589614,67.21962051391601,69.37602603349039,65.06321499434164,67.7841598738359,67.7841598738359,66.41570420919972,64.7740998744018,66.40303802490234
2019-08-05 00:00:00-04:00,65.36262356381154,65.58360383110262,62.98714539964055,63.346229553222656,5215500,0.0,0.0,-0.033708018162234676,1.0574503233451262,67.02827186584473,69.77327989954243,64.28326383214703,66.67006936174963,66.67006936174963,66.33331234349534,65.11068184333638,67.07518768310547
2019-08-06 00:00:00-04:00,63.60403682634209,64.60762926088378,63.38305654520276,64.31299591064453,4868600,0.0,0.0,0.015261624318296807,1.0735887329152811,66.89761848449707,69.89004480554568,63.90519216344846,66.67006936174963,66.67006936174963,66.21660256549016,65.12725418159968,66.55956268310547
2019-08-07 00:00:00-04:00,63.93549405136776,65.16005962422108,63.04238481899964,64.8562240600586,4222100,0.0,0.0,0.008446631069229271,1.082656940862298,66.77673454284668,69.89273808906351,63.66073099662985,66.67006936174963,66.67006936174963,66.21660256549016,65.12725418159968,65.10481262207031
2019-08-08 00:00:00-04:00,65.06799826898238,66.08080003301932,64.54318236241511,66.02555847167969,2712900,0.0,0.0,0.018029640617656995,1.102176856418257,66.69600944519043,69.80189368665897,63.59012520372188,66.67006936174963,66.67006936174963,66.21660256549016,65.12725418159968,63.9262924194336
2019-08-09 00:00:00-04:00,66.10842679469158,66.37543235336048,65.3350098250782,65.85061645507812,2993200,0.0,0.0,-0.0026496105546248705,1.099256516986428,66.58410949707032,69.64160331243068,63.526615681709956,66.67006936174963,66.67006936174963,66.21660256549016,65.12725418159968,64.32218933105469
2019-08-12 00:00:00-04:00,65.74013274095763,65.74013274095763,64.69050095386396,65.12324523925781,2457900,0.0,0.0,-0.011045776865528767,1.0871143747818175,66.45323371887207,69.52569272965835,63.3807747080858,65.98872282162189,66.67006936174963,66.21660256549016,65.12725418159968,65.14164733886719
2019-08-13 00:00:00-04:00,65.25213519305466,66.24651821722975,65.05878274322582,66.00713348388672,2513600,0.0,0.0,0.013572546045295564,1.1018692846900464,66.3436668395996,69.312817624557,63.37451605464221,64.85622846070336,66.67006936174963,66.21660256549016,65.12725418159968,65.32579803466797
2019-08-14 00:00:00-04:00,65.38103332216805,66.05316222727225,64.91145909797227,64.92987060546875,3990000,0.0,0.0,-0.01632040086517228,1.083886336262884,66.19496841430664,69.13408845208053,63.255848376532754,64.68128887650052,66.67006936174963,66.20515810635291,65.12725418159968,65.32579803466797
2019-08-15 00:00:00-04:00,65.25213653360612,65.9979255732121,65.01274477073282,65.7125015258789,3698800,0.0,0.0,0.012053480364463187,1.0969509389343388,66.07941665649415,68.89995638257939,63.2588769304089,64.68128887650052,66.67006936174963,66.42943768815215,65.76804423979831,65.83218383789062
2019-08-16 00:00:00-04:00,66.00713431852402,66.75292335223864,65.94268350109945,66.55036163330078,2549000,0.0,0.0,0.012750391294903185,1.110937492637063,66.06008033752441,68.86187355410375,63.25828712094507,64.89765408561914,66.67006936174963,66.45232324578873,65.76804423979831,66.74372863769531
2019-08-19 00:00:00-04:00,67.22250596167513,67.45268848459932,66.88183329888658,67.28695678710938,2139500,0.0,0.0,0.011068236681677446,1.1232336117441193,66.09368743896485,68.93755786778377,63.24981701014594,65.24753665179948,66.67006936174963,66.79102347497232,65.85042660964719,66.51353454589844
2019-08-20 00:00:00-04:00,67.1764540254553,67.47108731845508,66.68846829248179,66.78974914550781,2463700,0.0,0.0,-0.00738936140587676,1.1149336326437138,66.1056568145752,68.95921844541492,63.25209518373547,66.0071348404351,66.67006936174963,67.39748374472325,66.34932689908932,66.95549774169922
2019-08-21 00:00:00-04:00,67.2132940596217,67.36981648316853,66.71609898663809,66.85420989990234,2527100,0.0,0.0,0.0009651294580266256,1.1160096879363228,66.1668857574463,69.02959964710209,63.304171867790494,66.08079413615951,66.67006936174963,67.46156194023466,66.34932689908932,67.45269012451172
2019-08-22 00:00:00-04:00,66.90024718862546,67.48030457725172,66.63323463762246,67.2501220703125,1526600,0.0,0.0,0.005922023025968448,1.1226187230054856,66.21798591613769,69.11989266315062,63.31607916912477,66.08540276555783,66.67006936174963,67.46156194023466,66.34932689908932,67.68287658691406
2019-08-23 00:00:00-04:00,67.31457339775558,68.0235324336331,66.1176215428206,66.50433349609375,3910900,0.0,0.0,-0.011089772795341513,1.1101691364315582,66.15077209472656,68.95822005755578,63.343324131897354,66.46749576580268,66.67006936174963,67.54166679324163,66.34932689908932,66.04397583007812
2019-08-26 00:00:00-04:00,66.90024441330338,67.15804768644244,66.48591170323361,67.00151824951172,1770300,0.0,0.0,0.007475975282831282,1.1184687334552827,66.0218692779541,68.3848828061116,63.65885574979659,66.46749576580268,66.67006936174963,67.54166679324163,66.34932689908932,64.92987060546875
2019-08-27 00:00:00-04:00,67.47109565551015,67.88542838488954,67.24091314739249,67.61841583251953,2582100,0.0,0.0,0.009207217972442061,1.1287667188795667,65.96202163696289,68.08496972430916,63.839073549616614,66.51813860218296,66.67006936174963,67.50242723267843,66.34932689908932,65.25215148925781
2019-08-28 00:00:00-04:00,67.67365295822556,68.1984687614069,67.50792128224134,68.13401794433594,2050600,0.0,0.0,0.007625172898067856,1.1373737602726082,66.06606407165528,68.39314337209336,63.73898477121718,67.07057613125318,66.67006936174963,67.50242665777799,66.34932689908932,66.35701751708984
2019-08-29 00:00:00-04:00,68.56676969375145,68.64042978553456,67.56317026089232,68.31816864013672,1819700,0.0,0.0,0.0027027717043082156,1.1404478218890957,66.20141105651855,68.7163449883346,63.686477124702506,67.37902566417759,66.67006936174963,67.2998665417353,66.34932689908932,65.94269561767578
2019-08-30 00:00:00-04:00,68.56675853872662,68.60358857862634,68.0511520293541,68.27212524414062,2899700,0.0,0.0,-0.0006739553608151594,1.1396792109658036,66.33721771240235,68.98920671745186,63.685228707352834,67.37902566417759,66.67006936174963,67.27915216332215,66.34932689908932,65.07720184326172
2019-09-03 00:00:00-04:00,67.83018217316419,68.64042912576434,67.63682970255178,68.41944885253906,1963800,0.0,0.0,0.0021578881259607385,1.142138511202551,66.59087867736817,69.0076313841355,64.17412597060084,67.37902566417759,66.67006936174963,67.07776194770193,66.34932689908932,65.03115844726562
2019-09-04 00:00:00-04:00,68.89823617559937,69.05475860920636,68.55756350426648,68.93506622314453,2422900,0.0,0.0,0.007536122831342196,1.1507458073133798,66.82198219299316,69.20665903255579,64.43730535343053,67.58619007601348,66.67006936174963,67.54888047226186,66.61905520802901,65.16006469726562
2019-09-05 00:00:00-04:00,69.05476434578277,69.05476434578277,68.21689649990594,68.40104675292969,3430900,0.0,0.0,-0.007746702795442428,1.1418313215510216,66.99922332763671,69.29759167391325,64.70085498136018,67.58619294430169,66.02095487271166,67.88955403837218,66.95972877413935,64.92066955566406
2019-09-06 00:00:00-04:00,68.511535994678,68.78775083362373,68.34580428146505,68.7785415649414,2333300,0.0,0.0,0.005518845543040607,1.1481329122508677,67.13687248229981,69.51475481228093,64.75899015231869,67.77033802450819,66.02095487271166,67.88955403837218,66.95972877413935,63.90787124633789
2019-09-09 00:00:00-04:00,68.68646276329726,68.68646276329726,67.0843943863189,67.38823699951172,5153000,0.0,0.0,-0.020214219926675048,1.1249243010575747,67.21375350952148,69.51781180860254,64.90969521044042,68.06957936605085,66.02095487271166,67.88955403837218,66.95972877413935,62.97794723510742
2019-09-10 00:00:00-04:00,66.76212209747943,66.7713243380811,65.53754973478773,66.40303802490234,4712900,0.0,0.0,-0.014619746983683735,1.1084781924003158,67.27774314880371,69.40880020114516,65.14668609646226,67.29615704028525,66.02095487271166,67.7841598738359,66.95972877413935,62.47153854370117
2019-09-11 00:00:00-04:00,66.24652917208499,67.08439695117606,65.74013182201544,67.07518768310547,2305700,0.0,0.0,0.010122272688051659,1.1196985109325504,67.33114585876464,69.38339898124102,65.27889273628827,67.29615704028525,66.04857458239121,66.67006936174963,66.67006936174963,62.68331146240234
2019-09-12 00:00:00-04:00,67.5539526217078,68.00510828798404,66.51352338008056,66.55956268310547,2644200,0.0,0.0,-0.0076872688368171405,1.111091087462828,67.41263046264649,69.18447002214583,65.64079090314715,67.29615704028525,66.04857458239121,66.67006936174963,66.67006936174963,62.63726043701172
2019-09-13 00:00:00-04:00,65.92426169924535,66.03475181990034,64.8101793249356,65.10481262207031,4679600,0.0,0.0,-0.021856364471042555,1.0868066756947132,67.38224601745605,69.28701155289872,65.47748048201339,66.9324718353592,66.79897335409893,66.67006936174963,66.67006936174963,62.8858642578125
2019-09-16 00:00:00-04:00,64.54317991302749,64.810192490392,63.50275740780435,63.9262924194336,4116900,0.0,0.0,-0.018101890707802992,1.067133420030777,67.2510425567627,69.66630078732199,64.83578432620341,66.27876087679357,66.27876087679357,66.67006936174963,66.67006936174963,62.13534164428711
2019-09-17 00:00:00-04:00,64.05517682559008,65.09559905065305,64.01834678780757,64.32218933105469,3381800,0.0,0.0,0.0061930216290899676,1.0737422003821522,67.10280418395996,69.83753794758452,64.3680704203354,66.27876087679357,66.27876087679357,66.67006936174963,66.67006936174963,62.58009719848633
2019-09-18 00:00:00-04:00,64.61683152114986,65.19688889085457,64.34060971198815,65.14164733886719,3532800,0.0,0.0,0.01273989608150461,1.087421564433347,67.02039909362793,69.88555912166096,64.1552390655949,66.14525412071404,66.27876087679357,66.32939609168577,66.67006936174963,63.32135772705078
2019-09-19 00:00:00-04:00,65.31659579135432,65.47311822304499,65.05879248630774,65.32579803466797,3831300,0.0,0.0,0.002826927216667219,1.0904956260498344,66.94397850036621,69.90380342493206,63.98415357580036,66.09461008555081,66.27876087679357,65.7631489112265,66.67006936174963,63.38620376586914
2019-09-20 00:00:00-04:00,65.3902488609296,65.61122914349514,65.15086409173676,65.32579803466797,4770000,0.0,0.0,0.0,1.0904956260498344,66.84776229858399,69.88644832149248,63.809076275675494,65.75393284789419,66.27876087679357,65.67567911912508,66.67006936174963,62.40404891967773
2019-09-23 00:00:00-04:00,65.2337080344421,66.03474552748348,65.22449876911209,65.83218383789062,3952000,0.0,0.0,0.007751697161876514,1.0989488178993236,66.81415481567383,69.88233614629155,63.74597348505612,65.75393284789419,66.27876087679357,65.67567911912508,66.67006936174963,62.93218231201172
2019-09-24 00:00:00-04:00,66.25574276728352,67.14885216390002,66.09922032292762,66.74372863769531,4395800,0.0,0.0,0.013846491892921753,1.1141654037971025,66.801265335083,69.86834371743359,63.734186952732415,65.75393284789419,66.27876087679357,65.78386172368438,66.67006936174963,63.54372787475586
2019-09-25 00:00:00-04:00,66.78975636119526,67.02914813281166,66.19128044446053,66.51353454589844,2784500,0.0,0.0,-0.003448924662966313,1.110322731257323,66.74602127075195,69.79173278468778,63.70030975681613,65.32580478585218,66.27876087679357,65.95880300677456,66.67006936174963,63.56226348876953
2019-09-26 00:00:00-04:00,66.56879276397254,67.28696115821167,66.47671412913074,66.95549774169922,2265200,0.0,0.0,0.006644710716670721,1.1177005046086717,66.68709526062011,69.66730743114631,63.70688309009391,65.394859283008,66.27876087679357,66.33860210109236,66.67006936174963,61.90370559692383
2019-09-27 00:00:00-04:00,67.34219998196114,67.53555246296469,66.89104419295286,67.45269012451172,3766200,0.0,0.0,0.007425714087446078,1.1260002289912898,66.64382133483886,69.55151759236627,63.736125077311456,65.77694962538612,66.27876087679357,66.37543174895457,66.67006936174963,60.60652160644531
2019-09-30 00:00:00-04:00,67.35141316461021,68.39183572513338,67.35141316461021,67.68287658691406,3387800,0.0,0.0,0.003412561633604927,1.129842774172176,66.61435890197754,69.46627028490087,63.762447519054206,66.36622271856076,66.27876087679357,66.37773606365373,66.67006936174963,61.11612701416016
2019-10-01 00:00:00-04:00,67.01073825933919,67.4066524993071,65.82299553943548,66.04397583007812,3241800,0.0,0.0,-0.024214407535285032,1.1024843007875738,66.49558525085449,69.23115242029984,63.76001808140914,66.72531410572056,66.27876087679357,66.56878256377615,66.67006936174963,61.63498306274414
2019-10-02 00:00:00-04:00,65.74011742754959,66.15444308003235,64.51554495298598,64.92987060546875,3352600,0.0,0.0,-0.016869142273866267,1.083886336262884,66.2953254699707,68.86701215017683,63.72363878976458,66.45369033905968,66.27876087679357,66.56878256377615,66.67006936174963,61.95930480957031
2019-10-03 00:00:00-04:00,65.19690290078586,65.74934663782196,64.85623722417603,65.25215148925781,2269700,0.0,0.0,0.004963522655810015,1.0892662306492478,66.13788070678712,68.55383513353051,63.721926280043725,66.45369033905968,66.27876087679357,66.5941039819663,66.67006936174963,61.736915588378906
2019-10-04 00:00:00-04:00,65.34421581978017,66.421468342611,65.21531416873783,66.35701751708984,2415100,0.0,0.0,0.01693225437959578,1.1077099635537042,66.01680450439453,68.10902343517367,63.92458557361538,66.45369033905968,66.27876087679357,66.8703227465014,66.67006936174963,61.65352249145508
2019-10-07 00:00:00-04:00,66.2649497640109,66.45830225181197,65.88744703215151,65.94269561767578,2484400,0.0,0.0,-0.006243829438346227,1.1007936114741181,65.94452743530273,67.93878980808103,63.95026506252444,66.45369033905968,66.27876087679357,67.02454751296361,66.67006936174963,61.74618148803711
2019-10-08 00:00:00-04:00,65.82299095454577,65.90586031391788,65.03116252976466,65.07720184326172,2539200,0.0,0.0,-0.013124937740368492,1.086345763858525,65.8782356262207,67.89538773871567,63.86108351372574,66.45369033905968,66.27876087679357,67.02454751296361,66.67006936174963,61.96855926513672
2019-10-09 00:00:00-04:00,65.26134095107466,65.48232121245235,64.52476115365329,65.03115844726562,1844200,0.0,0.0,-0.0007075196027479524,1.085577152935233,65.77603416442871,67.74633058752231,63.805737741335115,66.45369033905968,66.27876087679357,67.02454751296361,66.67006936174963,61.74618148803711
2019-10-10 00:00:00-04:00,64.41427558003853,65.26134556807584,64.17488379224955,65.16006469726562,2219600,0.0,0.0,0.001982222877123352,1.0877290088026637,65.70605926513672,67.65922451537229,63.75289401490115,66.28335975869146,66.27876087679357,67.12812971888155,66.67006936174963,61.49600982666016
2019-10-11 00:00:00-04:00,65.47310611065181,65.48231537687498,64.6536570320874,64.92066955566406,2574100,0.0,0.0,-0.003673954940250468,1.0837327414371194,65.69685211181641,67.66310200665968,63.73060221697314,65.79076814577832,66.14525412071404,66.80357390850668,66.67006936174963,62.20021057128906
2019-10-14 00:00:00-04:00,65.01274441184853,65.17847608913635,63.86183193751983,63.90787124633789,2556400,0.0,0.0,-0.015600552432038284,1.066825911982013,65.69593105316162,67.66554852027691,63.72631358604632,65.1600670946659,66.09461008555081,66.89564644860992,66.67006936174963,62.22800064086914
2019-10-15 00:00:00-04:00,63.92629821943075,64.00916056581364,62.82142478664152,62.97794723510742,4404000,0.0,0.0,-0.014551009024318828,1.0513025185093854,65.62871894836425,67.85879112660554,63.39864677012296,64.63986351922675,65.60663025588745,67.04526711938125,66.67006936174963,62.27432632446289
2019-10-16 00:00:00-04:00,62.95952439356952,62.95952439356952,62.02959201064111,62.47153854370117,4436000,0.0,0.0,-0.008041047916594324,1.0428489445832152,65.49521350860596,68.11600752427066,62.87441949294126,64.24394713122655,65.21071386788725,66.65855595649845,66.67006936174963,61.848121643066406
2019-10-17 00:00:00-04:00,62.756971561678014,63.208127376667534,62.50837048277605,62.68331146240234,3760600,0.0,0.0,0.003389910407809449,1.046384109074231,65.36308917999267,68.25978327342409,62.466395086561256,64.24394713122655,65.21071386788725,66.67236581133824,66.67006936174963,61.81105041503906
2019-10-18 00:00:00-04:00,62.61884892794084,62.87665220260739,62.12165388767863,62.63726043701172,4022600,0.0,0.0,-0.0007346616558099317,1.0456153707920453,65.22866230010986,68.36231486907872,62.09500973114101,63.9677261622795,65.21071386788725,66.67236581133824,66.67006936174963,62.06122589111328
2019-10-21 00:00:00-04:00,62.609642437215,62.95951732197416,62.47153152691625,62.8858642578125,2520300,0.0,0.0,0.00396894466753972,1.0497653603422479,65.08134632110595,68.36282965602469,61.799862986187215,63.75595661154673,65.21071386788725,66.86572259472906,66.67006936174963,62.81173706054688
2019-10-22 00:00:00-04:00,63.515926251209,63.56225018145487,62.05195432837374,62.13534164428711,3864500,0.43,0.0,-0.011934679158554284,1.037236747574799,64.85092697143554,68.27867740659669,61.423176536274404,63.755953693758045,65.21071386788725,66.27876087679357,66.67006936174963,62.70981979370117
2019-10-23 00:00:00-04:00,61.912970373436615,62.72834367676503,61.89444221457112,62.58009719848633,4092600,0.0,0.0,0.007157851593467601,1.0446611342812304,64.65425510406494,68.12942112464486,61.179089083485025,63.688378795723054,65.14313896985225,66.27876087679357,66.67006936174963,62.83953857421875
2019-10-24 00:00:00-04:00,62.77468855568432,63.50667470226637,62.58937864958851,63.32135772705078,4994800,0.0,0.0,0.011844988450775196,1.0570351333517654,64.47254810333251,67.82392660841933,61.1211695982457,63.536459151853734,65.14313896985225,66.2120074987538,66.67006936174963,62.60789108276367
2019-10-25 00:00:00-04:00,63.37693615278246,63.70123191964076,63.2008868497233,63.38620376586914,3850300,0.0,0.0,0.0010240784649293566,1.0581176202685045,64.26922378540038,67.35264439081044,61.18580317999033,62.95180139019239,65.14313896985225,66.18668548117219,66.67006936174963,62.35773086547852
2019-10-28 00:00:00-04:00,63.59931665631962,63.65490820296211,62.04268972826488,62.40404891967773,4595500,0.0,0.0,-0.015494773118441052,1.0417223278098193,64.00528240203857,66.7571990254488,61.25336577862835,62.797837067105945,65.14313896985225,66.01634686234388,66.67006936174963,63.080448150634766
2019-10-29 00:00:00-04:00,62.23725978541498,62.96924569505765,62.089013322348784,62.93218231201172,3018800,0.0,0.0,0.008463127016225647,1.0505385561857121,63.84969272613525,66.47030873429598,61.22907671797452,62.797837067105945,65.14313896985225,66.01634686234388,66.67006936174963,62.83953857421875
2019-10-30 00:00:00-04:00,62.9877911767846,63.59931942381738,62.82100946048135,63.54372787475586,2575700,0.0,0.0,0.00971753306936285,1.0607471993460875,63.78038558959961,66.35550119372502,61.205269985474196,62.797837067105945,65.14313896985225,66.01634686234388,66.67006936174963,63.22869110107422
2019-10-31 00:00:00-04:00,63.39548175290757,63.89582696049346,62.93219993874872,63.56226348876953,4374200,0.0,0.0,0.00029169856150401685,1.061056617778256,63.69589118957519,66.18064642352726,61.21113595562312,62.89513458753229,65.14313896985225,65.80228283132288,66.67006936174963,63.56226348876953
2019-11-01 00:00:00-04:00,62.48744513015829,62.54303667842117,60.76403644282343,61.90370559692383,6128500,0.0,0.0,-0.026093436589758046,1.033370004204116,63.473225593566895,65.7516268460023,61.194824341131486,62.329931701658445,64.5779360839784,65.83681007990079,66.67006936174963,62.94145202636719
2019-11-04 00:00:00-05:00,61.644268196700565,62.06122601095824,60.449000439751465,60.60652160644531,6528500,0.0,0.0,-0.020954868177438746,1.0117158719874995,63.20641689300537,65.5154925648772,60.89734122113353,62.17241370012246,64.42041808244242,66.02785525108985,66.67006936174963,62.5059814453125
2019-11-05 00:00:00-05:00,60.38414100802272,61.32923972748865,59.994986038416016,61.11612701416016,5394100,0.0,0.0,0.008408425268554787,1.020222809290117,63.00836315155029,65.32115593279124,60.69557037030933,61.945406499454734,63.70081926886156,66.32249179767717,66.67006936174963,62.29287338256836
2019-11-06 00:00:00-05:00,61.44040563237962,61.977814003357686,61.32922256880931,61.63498306274414,4412600,0.0,0.0,0.008489674885055587,1.0288841692513082,62.83855438232422,65.02635537256013,60.650753392088305,61.945406499454734,63.226644145113994,66.50203749125706,66.67006936174963,63.64564514160156
2019-11-07 00:00:00-05:00,61.69060054185393,62.02416397287299,61.088332843118486,61.95930480957031,4332100,0.0,0.0,0.005261975110725903,1.0342981321417284,62.67851638793945,64.61488659822561,60.7421461776533,61.945406499454734,63.226644145113994,66.36622560792662,66.67006936174963,63.81241607666016
2019-11-08 00:00:00-05:00,61.85737335225584,62.13533812534296,61.505274742914175,61.736915588378906,3489400,0.0,0.0,-0.003589278831886644,1.030585747750172,62.5193286895752,64.19559342676305,60.84306395238734,61.945406499454734,63.226644145113994,66.36622560792662,66.67006936174963,62.85805892944336
2019-11-11 00:00:00-05:00,61.52380419569735,61.89443092748383,61.10684647151871,61.65352249145508,2640400,0.0,0.0,-0.0013507817183455728,1.0291936513629236,62.40661125183105,63.994131354907395,60.81909114875471,61.945406499454734,63.226644145113994,66.36622560792662,66.67006936174963,63.25647735595703
2019-11-12 00:00:00-05:00,61.77397725766271,62.05194909215345,61.64425895333167,61.74618148803711,3315900,0.0,0.0,0.0015028986639793462,1.030740425126533,62.345022964477536,63.93469913358156,60.75534679537351,61.945406499454734,62.95042317616695,66.36622560792662,66.67006936174963,63.32135772705078
2019-11-13 00:00:00-05:00,62.07974942092231,62.153876191446045,61.63499586689785,61.96855926513672,3454600,0.0,0.0,0.003601482257533428,1.0344526184797487,62.31987400054932,63.91672457226621,60.72302342883243,61.269011358418595,62.73865362543418,66.36622560792662,66.67006936174963,63.79388046264648
2019-11-14 00:00:00-05:00,61.73691387512278,62.08901247469338,61.65352656624599,61.74618148803711,2956200,0.0,0.0,-0.0035885581291014157,1.0307404251265329,62.273017501831056,63.87953303216352,60.66650197149859,61.07443111493103,62.7386507076455,66.36622560792662,66.67006936174963,63.67343521118164
2019-11-15 00:00:00-05:00,61.76471403658921,61.838833729338845,61.273629541059975,61.49600982666016,5146800,0.0,0.0,-0.004051613481967586,1.0265642633236811,62.21595497131348,63.84781588101848,60.58409406160848,61.07443111493103,62.7386507076455,66.28106031774252,66.67006936174963,63.51593017578125
2019-11-18 00:00:00-05:00,61.903710508497824,62.95073187797871,61.81105556433539,62.20021057128906,4568200,0.0,0.0,0.01145116157314674,1.038319616568219,62.18167228698731,63.78402343261594,60.579321141358676,62.019532360548595,62.586731063776185,65.96801113324618,66.02095487271166,63.54372787475586
2019-11-19 00:00:00-05:00,62.20019780112135,62.36697949401983,61.63499356791635,62.22800064086914,3710400,0.0,0.0,0.0004467841720283694,1.0387835213384082,62.18630523681641,63.78862928463369,60.583981188999125,62.019532360548595,62.00207330211483,65.62733859010837,66.02095487271166,64.09966278076172
2019-11-20 00:00:00-05:00,62.292861551483945,62.62641787756659,61.912967157848655,62.27432632446289,3008600,0.0,0.0,0.0007444507796594557,1.039556844540766,62.171016693115234,63.76372185047333,60.57831153575714,62.02878917474871,61.945406499454734,65.1232468875571,65.93809456621214,63.73830032348633
2019-11-21 00:00:00-05:00,62.56157252014691,62.72835425453344,61.81105824996724,61.848121643066406,3432900,0.0,0.0,-0.006843987025662357,1.0324421309842904,62.097354888916016,63.60344060782932,60.59126917000271,62.02878917474871,61.945406499454734,64.7273304995569,65.54217817821194,63.78462600708008
2019-11-22 00:00:00-05:00,61.71839547859544,61.96856451390507,61.35703627808235,61.81105041503906,2616300,0.0,0.0,-0.0005993913322265287,1.031823294119953,62.01859722137451,63.405652277555085,60.63154216519394,62.11218070951934,61.945406499454734,64.7273304995569,65.54217817821194,63.11751174926758
2019-11-25 00:00:00-05:00,61.92223995329579,62.06122589111329,61.4682187518174,62.06122589111328,3020200,0.0,0.0,0.004047423145123297,1.0359995196022516,62.001456069946286,63.3773416417785,60.62557049811407,62.11218070951934,61.945406499454734,64.58922001508337,65.54217817821194,63.02483749389648
2019-11-26 00:00:00-05:00,62.265060949655926,62.82100467439062,62.09827924605914,62.81173706054688,3513800,0.0,0.0,0.012093076774705835,1.04852794133136,61.99543380737305,63.355770572026934,60.63509704271916,62.11218070951934,61.945406499454734,64.483335239717,65.54217817821194,63.4603271484375
2019-11-27 00:00:00-05:00,62.81174234720648,62.90439728608802,62.283601419551104,62.70981979370117,2517600,0.0,0.0,-0.0016225831606514474,1.0468266175502832,61.953738403320315,63.162862580455304,60.74461422618533,62.11218070951934,61.945406499454734,64.48333378082265,65.54217817821194,62.58937072753906
2019-11-29 00:00:00-05:00,62.830270959528285,62.98779213279118,62.5337709115022,62.83953857421875,1385100,0.0,0.0,0.002068556104040997,1.0489920371398893,61.917602157592775,62.96269143192123,60.87251288326432,62.172414205436766,61.945406499454734,64.41575888278766,65.47460328017695,64.18305206298828
2019-12-02 00:00:00-05:00,63.00631364297663,63.00631364297663,62.20020090883841,62.60789108276367,3487800,0.0,0.0,-0.003686333424957944,1.045125102730866,61.95281143188477,63.04070045644362,60.86492240732591,62.18167496052949,61.945406499454734,64.33979906085298,65.47460328017695,64.7297134399414
2019-12-03 00:00:00-05:00,62.66349146995378,62.66349146995378,61.89444908213653,62.35773086547852,3677000,0.0,0.0,-0.003995665928987369,1.0409491319663549,62.040371894836426,62.945459033044386,61.135284756628465,62.18167496052949,61.945406499454734,64.04747018002232,65.47460328017695,64.99842834472656
2019-12-04 00:00:00-05:00,62.190947991351415,63.1545749311881,62.190947991351415,63.080448150634766,3279000,0.0,0.0,0.01158985862900197,1.0530135852458273,62.138587951660156,63.04753179846299,61.22964410485732,62.25580560463523,61.945406499454734,63.970488018479095,65.47460328017695,64.98916625976562
2019-12-05 00:00:00-05:00,62.87660196386186,62.93219351376714,62.41332019700117,62.83953857421875,4056500,0.0,0.0,-0.0038190847319399257,1.0489920371398898,62.198815727233885,63.12594774701028,61.27168370745749,62.25580560463523,61.945406499454734,63.970488018479095,65.47460328017695,65.12814331054688
2019-12-06 00:00:00-05:00,62.89512767638657,63.31208549180538,62.44111354188557,63.22869110107422,3504700,0.0,0.0,0.006192797332460476,1.055488232229262,62.26228504180908,63.28509302895717,61.23947705466099,62.39015212181139,61.945406499454734,63.970488018479095,65.47460328017695,65.6006851196289
2019-12-09 00:00:00-05:00,63.23796763268224,63.62712265998699,63.01559434123944,63.56226348876953,3610200,0.0,0.0,0.005275649106227354,1.0610566177782559,62.353552436828615,63.49299722209576,61.21410765156147,62.760785871061756,61.8110543492015,64.01913677869227,65.47460328017695,65.55435943603516
2019-12-10 00:00:00-05:00,63.29354357338189,63.62710696281381,62.8673252578006,62.94145202636719,3820600,0.0,0.0,-0.009766981670060071,1.0506932972415197,62.41794891357422,63.53704042392076,61.298857403227686,62.760785871061756,61.8110543492015,63.453933892818426,64.9094003943031,65.9527816772461
2019-12-11 00:00:00-05:00,62.93219986554854,63.63639020160436,62.35773494089624,62.5059814453125,3229300,0.0,0.0,-0.00691866118487805,1.0434239063086832,62.45593891143799,63.53151049036415,61.38036733251183,62.765419641870444,61.815688120010186,63.29641589128244,64.75188239276711,66.0547103881836
2019-12-12 00:00:00-05:00,62.58937344915789,62.84881012378384,62.02416909267171,62.29287338256836,3658400,0.0,0.0,-0.0034094027134121685,1.0398664540112752,62.47215461730957,63.52720880247383,61.41710043214531,62.765419641870444,62.362361522361425,62.82311288415815,64.52487519209939,65.7470932006836
2019-12-13 00:00:00-05:00,62.29286336354478,63.81242684405338,62.144609819535134,63.64564514160156,5179600,0.0,0.0,0.02171631657967077,1.0624485231271636,62.567127799987794,63.68450619922452,61.44974940075107,62.853437963094954,62.450379843585935,62.586025322284364,64.52487519209939,65.82166290283203
2019-12-16 00:00:00-05:00,63.78461324001112,64.14597942527998,63.48811327113983,63.81241607666016,3371200,0.0,0.0,0.002620303945188418,1.0652324611838733,62.68294811248779,63.81248911574514,61.55340710923045,63.085074258975844,62.62641294839934,62.586025322284364,64.52487519209939,65.53268432617188
2019-12-17 00:00:00-05:00,63.60858010556677,63.60858010556677,62.83026315794209,62.85805892944336,4647600,0.0,0.0,-0.014955665462820011,1.0493012008542708,62.71584053039551,63.8251513175122,61.60652974327882,63.085074258975844,62.62641294839934,62.586025322284364,64.52487519209939,65.34624481201172
2019-12-18 00:00:00-05:00,63.12675905133421,63.40473088645021,62.719075980712816,63.25647735595703,5846100,0.0,0.0,0.0063383825924514525,1.0559520733200038,62.7672643661499,63.87670384387055,61.65782488842925,63.085074258975844,62.709804483169975,62.586025322284364,64.52487519209939,64.98269653320312
2019-12-19 00:00:00-05:00,62.329934884286686,63.45108314426159,62.329934884286686,63.32135772705078,4266400,0.0,0.0,0.001025671580297649,1.0570351333517645,62.8196159362793,63.92989504407598,61.70933682848262,63.085074258975844,62.709804483169975,62.44791483781084,64.52487519209939,64.16236877441406
2019-12-20 00:00:00-05:00,64.02552128282248,64.21083818043337,63.7104931605592,63.79388046264648,6008000,0.0,0.0,0.007462296333450746,1.064923042751704,62.9169038772583,64.01030924641888,61.823498508097714,63.11750363655254,62.74223386074667,62.00383249192639,64.52487519209939,64.75897979736328
2019-12-23 00:00:00-05:00,63.94213943379523,63.98846336031089,63.56224506313268,63.67343521118164,2776000,0.0,0.0,-0.0018880377019134809,1.0629124278973523,63.01002311706543,64.02438595557759,61.99566027855327,63.11750363655254,62.74223386074667,61.90654091128826,64.52487519209939,68.77668762207031
2019-12-24 00:00:00-05:00,63.60858511111604,63.68271188703124,63.24722591492746,63.51593017578125,816700,0.0,0.0,-0.002473638101635367,1.0602831672170037,63.08275833129883,64.01938696209328,62.14612970050437,63.11750363655254,62.78393722925786,61.90654091128826,64.52487519209939,69.84870147705078
2019-12-26 00:00:00-05:00,63.74757298013967,63.91435469644291,63.40474193298338,63.54372787475586,2493600,0.0,0.0,0.0004376492463809001,1.0607471993460866,63.119357872009275,64.06802479605771,62.170690947960836,63.17772399998425,62.78393722925786,62.30313171216239,64.39136843601987,70.28683471679688
2019-12-27 00:00:00-05:00,63.78462751694329,64.24790926382097,63.77536697177102,64.09966278076172,2943700,0.0,0.0,0.008748855702983116,1.070027523530509,63.188850021362306,64.20906222674573,62.16863781597889,63.28892207405383,62.80247277095166,62.010802831331716,64.34072440085663,70.59445190429688
2019-12-30 00:00:00-05:00,63.81242709578357,64.02553272974053,63.51592707571269,63.73830032348633,1810700,0.0,0.0,-0.005637509490671544,1.063995233211326,63.233788108825685,64.2677301057978,62.19984611185358,63.28892207405383,62.80247277095166,61.98709783710172,64.1934108817747,71.13512420654297
2019-12-31 00:00:00-05:00,63.71976684681724,63.85875278141426,63.35840765833595,63.78462600708008,1960200,0.0,0.0,0.0007268107771722931,1.064768556413684,63.2926248550415,64.31104475346199,62.27420495662103,63.28892207405383,62.80247277095166,61.98709783710172,64.1934108817747,70.87410736083984
2020-01-02 00:00:00-05:00,63.78463156909315,63.877293579650136,62.90439902175296,63.11751174926758,3441800,0.0,0.0,-0.0104588566175563,1.0536322947512708,63.330613899230954,64.25842005914672,62.40280773931519,63.28892207405383,62.85806400781919,62.028793604487035,64.1934108817747,72.1045913696289
2020-01-03 00:00:00-05:00,62.85805580406363,63.44179525303737,62.70980934038861,63.02483749389648,3473800,0.0,0.0,-0.0014682811917435812,1.0520852662698739,63.327833366394046,64.25898531880301,62.39668141398508,63.478859302104794,63.07117917297875,62.028793604487035,64.1934108817747,70.94868469238281
2020-01-06 00:00:00-05:00,63.08043981923364,63.79389054775295,63.01558066209552,63.4603271484375,4607500,0.0,0.0,0.006909810034547048,1.0593549755999445,63.35887279510498,64.26357658085986,62.45416900935009,63.478859302104794,63.07117917297875,62.028793604487035,64.1934108817747,70.7995376586914
2020-01-07 00:00:00-05:00,63.43253988340925,63.43253988340925,62.51524394683519,62.58937072753906,4500000,0.0,0.0,-0.013724423746842906,1.0448159390164844,63.326906776428224,64.2916106045455,62.36220294831095,63.38157660532808,63.07117917297875,62.028793604487035,64.1934108817747,71.19105529785156
2020-01-08 00:00:00-05:00,62.82100962361331,64.5351507256087,62.75615045983355,64.18305206298828,4676100,0.0,0.0,0.025462491744592697,1.0714195562383104,63.35794620513916,64.38933336152773,62.32655904875058,63.52519733622195,63.21479990387262,62.05891035244575,64.1934108817747,71.48934936523438
2020-01-09 00:00:00-05:00,64.2849599404701,64.8038402013728,63.98845996386158,64.7297134399414,3996100,0.0,0.0,0.008517223151317976,1.0805450756874782,63.447359275817874,64.62074174230514,62.27397680933061,63.659542074103996,63.34914464175466,62.06354072999211,64.1934108817747,70.91139221191406
2020-01-10 00:00:00-05:00,64.60927338684623,65.25786498331344,64.35909729312444,64.99842834472656,3724000,0.0,0.0,0.004151337778352415,1.0850307832813924,63.57198162078858,64.84527467297777,62.29868856859939,63.88655446507431,63.641017037992576,62.06354072999211,64.1934108817747,70.4173355102539
2020-01-13 00:00:00-05:00,65.00770148930914,65.37832125075371,64.67413804871396,64.98916625976562,4641300,0.0,0.0,-0.00014249706026447928,1.0848761695844782,63.70679626464844,64.98078738816137,62.432805141135496,63.94678259879446,63.70124517171271,62.10060605204498,64.1934108817747,70.0631103515625
2020-01-14 00:00:00-05:00,64.98915738442656,65.23006585176057,64.88723484321285,65.12814331054688,4711900,0.0,0.0,0.0021384648977607057,1.0871961391915517,63.780921173095706,65.19815348064739,62.36368886554402,63.94678259879446,63.70124517171271,62.10060605204498,64.1934108817747,71.09782409667969
2020-01-15 00:00:00-05:00,65.17445977656986,65.83232594693109,65.17445977656986,65.6006851196289,3606200,0.0,0.0,0.007255570097075115,1.0950843669887254,63.87033462524414,65.4968574204756,62.24381183001267,64.17378494688315,63.9282475198014,62.167779310633065,64.1934108817747,69.37328338623047
2020-01-16 00:00:00-05:00,65.74893689843458,65.95278197402948,65.48023266870653,65.55435943603516,2720300,0.0,0.0,-0.0007061768258863621,1.0943110437863675,64.00514965057373,65.71929471856652,62.29100458258094,64.23401296043234,63.988475533350595,62.28592011013163,64.1934108817747,68.79533386230469
2020-01-17 00:00:00-05:00,65.25785914218203,66.06397182773868,65.25785914218203,65.9527816772461,4019700,0.0,0.0,0.006077738302052937,1.1009619799315473,64.13996486663818,66.0157119096074,62.264217823668965,64.28960788728693,64.0440704602052,62.28592011013163,64.1934108817747,67.97502899169922
2020-01-21 00:00:00-05:00,65.85086529445424,66.13809770700838,65.09108353453824,66.0547103881836,6470400,0.0,0.0,0.0015454800896239629,1.1026634947509646,64.27663249969483,66.2887665425408,62.26449845684885,64.44712408342096,64.08113339984004,62.290553880940315,64.1934108817747,65.39285278320312
2020-01-22 00:00:00-05:00,66.07335695648123,66.25979846837737,65.72845260550221,65.7470932006836,2890800,0.43,0.0,-0.004657006074089587,1.0975283841582324,64.37429313659668,66.47195381758507,62.27663245560828,65.12412921611947,64.20220414395625,62.56389058211593,63.70081926886156,62.98781967163086
2020-01-23 00:00:00-05:00,65.31828154152596,66.25046766720038,65.25302879720938,65.82166290283203,2581600,0.0,0.0,0.001134190099033372,1.0987731899849527,64.4817045211792,66.64452050814104,62.31888853421735,65.3094478807509,64.29486667633202,62.65190890334044,63.226644145113994,67.5275650024414
2020-01-24 00:00:00-05:00,66.0267418110819,66.2597883312859,65.3276022504699,65.53268432617188,2938300,0.0,0.0,-0.004390326283411516,1.0939492171694538,64.58254222869873,66.74388410055893,62.421200356838526,65.46696825854566,64.29486667633202,62.85574360368759,63.226644145113994,66.91232299804688
2020-01-27 00:00:00-05:00,65.39285696226334,65.98945550300289,65.03862168918852,65.34624481201172,3688100,0.0,0.0,-0.0028449851562954986,1.0908369478848656,64.67266807556152,66.80299383828235,62.54234231284068,65.57351665579512,64.29486667633202,62.85574360368759,63.226644145113994,70.25886535644531
2020-01-28 00:00:00-05:00,65.36489627358857,65.7098006020168,64.84286718642757,64.98269653320312,2770600,0.0,0.0,-0.005563415003485672,1.0847681692426465,64.7168197631836,66.83423637043832,62.59940315592886,65.55133282740246,64.29486667633202,62.897439371072906,63.226644145113994,67.4343490600586
2020-01-29 00:00:00-05:00,65.01997825018516,65.15048373075837,64.14372107032344,64.16236877441406,3233400,0.0,0.0,-0.012623787601210301,1.0710742862775735,64.73802318572999,66.82373525584238,62.65231111561759,65.2017597693504,64.38752120760628,62.897439371072906,62.95042317616695,67.59281158447266
2020-01-30 00:00:00-05:00,64.13441671798235,64.97337865170998,63.91068689777276,64.75897979736328,3539300,0.0,0.0,0.009298456935822097,1.0810336244035919,64.78674087524413,66.82558924128595,62.74789250920231,65.08524268307507,64.38752120760628,62.92986874864961,62.73865362543418,65.24370574951172
2020-01-31 00:00:00-05:00,68.64618214025356,69.88599132952801,68.39449502875422,68.77668762207031,13592300,0.0,0.0,0.06204093760091345,1.1481019640397043,65.06969966888428,67.6169646464763,62.52243469129226,66.8983391136504,66.2006176381816,62.92986874864961,62.7386507076455,66.94027709960938
2020-02-03 00:00:00-05:00,69.03769704781384,70.34275894892498,69.03769704781384,69.84870147705078,7725400,0.0,0.0,0.015586878229309598,1.1659972895480224,65.410892868042,68.53981269563191,62.28197304045209,67.12672292334886,66.42900144788008,62.9507204329052,62.7386507076455,64.2276382446289
2020-02-04 00:00:00-05:00,70.17496982231569,71.03257934395769,70.09107648546656,70.28683471679688,4671800,0.0,0.0,0.006272603935093102,1.1733111287347493,65.75221824645996,69.40690976512847,62.097526727791454,67.47163312086522,66.77391164539644,62.980830614621055,62.586731063776185,59.55736923217773
2020-02-05 00:00:00-05:00,70.14699947602695,70.72495738087247,69.45718379812526,70.59445190429688,4282900,0.0,0.0,0.0043765975340825936,1.1784462393274815,66.15247230529785,70.08020709302106,62.22473751757464,67.47163312086522,66.77391164539644,63.04569742250274,62.121447651118494,64.41407012939453
2020-02-06 00:00:00-05:00,70.81818432318039,71.40545904871367,70.68767882861744,71.13512420654297,4663900,0.0,0.0,0.007658849777303578,1.187471782045119,66.50007591247558,70.87888885690522,62.12126296804594,67.65807297324321,66.96035149777443,63.04569742250274,62.121447651118494,58.11248016357422
2020-02-07 00:00:00-05:00,71.21901877483556,71.33087655406572,70.75292572933536,70.87410736083984,3222700,0.0,0.0,-0.0036693103247456005,1.183114579574917,66.8072956085205,71.50058387024139,62.114007346799625,67.65807297324321,66.96035149777443,63.04569742250274,62.121447651118494,65.439453125
2020-02-10 00:00:00-05:00,70.80885329630281,72.16052737021461,70.80885329630281,72.1045913696289,4418400,0.0,0.0,0.017361545063619976,1.2036552766636326,67.16260375976563,72.31319546914162,62.01201205038964,68.0356071339937,67.3378856585249,63.07349304093651,62.121447651118494,63.09968566894531
2020-02-11 00:00:00-05:00,72.00205242583552,72.04866457567617,70.93936084001157,70.94868469238281,3992600,0.0,0.0,-0.016030971888053358,1.1843595127605309,67.46057968139648,72.762721330367,62.15843803242596,68.0356071339937,67.3378856585249,63.27501923754177,62.121447651118494,62.13019561767578
2020-02-12 00:00:00-05:00,71.04190805730951,71.1444491062627,70.38005672171282,70.7995376586914,3735400,0.0,0.0,-0.0021021817999596903,1.1818697737481965,67.74414939880371,73.12389960465758,62.36439919294985,70.27751119948442,67.3378856585249,63.27501923754177,62.121447651118494,57.870113372802734
2020-02-13 00:00:00-05:00,70.58513290806083,71.41477797136878,70.50123246048214,71.19105529785156,2907800,0.0,0.0,0.005529946269530406,1.188405450094606,68.02366790771484,73.5099295592185,62.53740625621117,70.59911220901422,67.45833891502409,63.22637788915341,62.121447651118494,56.36930084228516
2020-02-14 00:00:00-05:00,71.18172626652003,71.49866610494205,70.94867975755736,71.48934936523438,2820400,0.0,0.0,0.0041900498052009905,1.1933849281192748,68.3204174041748,73.88266603597087,62.75816877237874,70.80885558416993,68.0356071339937,63.369998620047284,62.26506838201236,57.03115081787109
2020-02-18 00:00:00-05:00,71.41477353003384,71.48935012057346,70.89275162028672,70.91139221191406,4370500,0.0,0.0,-0.008084521099325781,1.183736982488277,68.5683479309082,74.1283798533202,63.00831600849621,70.80885558416993,68.0356071339937,63.50434335792933,62.399413119894405,55.82861709594727
2020-02-19 00:00:00-05:00,70.8461402424903,71.09782734827563,70.38004721457919,70.4173355102539,2686700,0.0,0.0,-0.006967240188765489,1.1754896026109567,68.78647918701172,74.27603965000043,63.29691872402301,71.2702872923969,68.0356071339937,63.76378575153345,62.62642551086473,59.49212265014648
2020-02-20 00:00:00-05:00,70.34276191300326,70.51987954699325,69.21481759088988,70.0631103515625,3350900,0.0,0.0,-0.0050303686744839204,1.169576456536801,69.00228004455566,74.33225950608735,63.672300583023976,70.68767248055224,68.0356071339937,63.824013885253585,62.686653644584865,60.83446502685547
2020-02-21 00:00:00-05:00,70.09106860756629,71.34951830296919,70.01649201962755,71.09782409667969,5341500,0.0,0.0,0.014768310169577248,1.1868491244139716,69.26608810424804,74.45932561938359,64.07285058911249,70.68767248055224,68.0356071339937,63.824013885253585,62.686653644584865,62.06494522094727
2020-02-24 00:00:00-05:00,66.8470600714065,70.5851280829721,66.36232645991889,69.37328338623047,5584400,0.0,0.0,-0.024255885919999054,1.1580610474479356,69.45811805725097,74.35758171560917,64.55865439889277,69.20549551779753,68.0356071339937,64.05101623334227,62.913655992673554,61.85987091064453
2020-02-25 00:00:00-05:00,69.35464407419026,69.90463043414009,68.53431579221056,68.79533386230469,5739500,0.0,0.0,-0.008331010090845692,1.1484132291758316,69.63057250976563,74.1643103929764,65.09683462655485,68.93049628243047,68.0356071339937,64.11124424689146,62.97388400622275,61.10480117797852
2020-02-26 00:00:00-05:00,68.98179198704301,69.41992072272137,67.95638839342293,67.97502899169922,4188700,0.0,0.0,-0.011923844606195666,1.1347197282874395,69.78018913269042,73.8607007895896,65.69967747579125,68.93049628243047,68.0356071339937,64.16683917374607,63.02947893307735,63.54711532592773
2020-02-27 00:00:00-05:00,68.10551048851802,68.72075669484592,65.37420507948796,65.39285278320312,6181100,0.0,0.0,-0.03798712919727354,1.0916149833662894,69.84171333312989,73.60284037656318,66.0805862896966,68.436435592215,68.0356071339937,64.2641287416305,63.0665418727122,63.03443145751953
2020-02-28 00:00:00-05:00,64.31152233558728,64.65643378127288,61.82258695082074,62.98781967163086,11130900,0.0,0.0,-0.0367782258948951,1.0514673209177918,69.75315532684326,74.04139364910307,65.46491700458344,66.6559685356971,66.99155716051767,64.66316668003786,63.674065655747924,65.7191162109375
2020-03-02 00:00:00-05:00,63.864073255846975,67.63942278547239,63.864073255846975,67.5275650024414,7940800,0.0,0.0,0.07207338425869025,1.1272501291737553,69.69069919586181,74.07041654079629,65.31098185092733,66.58605262689497,66.99155716051767,64.80215727854146,63.674065655747924,64.3581314086914
2020-03-03 00:00:00-05:00,67.63011034083021,69.08431850873139,66.40894160638506,66.91232299804688,7487800,0.0,0.0,-0.009110975708546354,1.1169797806293975,69.54388027191162,74.08816080256179,64.99959974126145,66.58605262689497,66.99155716051767,64.88091746743885,63.68332246994804,65.4581069946289
2020-03-04 00:00:00-05:00,68.88855072097351,70.35208253931773,68.05890570298305,70.25886535644531,7174700,0.0,0.0,0.050013842121370056,1.1728442310305587,69.54248180389405,74.08585421037589,64.99910939741221,66.58605262689497,66.99155716051767,64.93419166606357,63.68332246994804,65.16913604736328
2020-03-05 00:00:00-05:00,68.71144676676475,69.28940479479563,66.93097474998699,67.4343490600586,5877500,0.0,0.0,-0.04020156434432953,1.125694058210908,69.38447666168213,73.9905705769701,64.77838274639416,66.20385751689642,66.99155716051767,64.92309975186724,63.76671400471867,64.7776107788086
2020-03-06 00:00:00-05:00,65.59793403277116,67.82585809389586,64.79625347139411,67.59281158447266,6339600,0.0,0.0,0.002349878461389565,1.128339302432412,69.20736103057861,73.80286156960267,64.61186049155455,66.08733474506924,66.99155716051767,64.79464048847834,63.76671400471867,68.1521224975586
2020-03-09 00:00:00-04:00,64.60050215103175,66.75384985206087,64.32084346507293,65.24370574951172,7399300,0.0,0.0,-0.0347537819465491,1.0891252443539545,68.9258409500122,73.76453497764658,64.08714692237783,66.08733474506924,66.99155716051767,64.73638194534067,63.76671400471867,67.72332763671875
2020-03-10 00:00:00-04:00,66.76316658859487,67.1267185743813,63.47254390101729,66.94027709960938,7521500,0.0,0.0,0.02600360188937234,1.1174464236158002,68.66762523651123,73.3470962744023,63.988154198620144,66.08733474506924,66.99155716051767,66.549478375916,65.579810435294,67.90042877197266
2020-03-11 00:00:00-04:00,65.38354727880197,66.00811040023268,63.18358701607497,64.2276382446289,6860400,0.0,0.0,-0.04052326898712966,1.0721638416129111,68.33157291412354,73.26863677937222,63.394509048874866,66.08733474506924,66.99155716051767,66.77786218561448,65.84989761350366,68.8570327758789
2020-03-12 00:00:00-04:00,60.52684362753828,62.87594946520825,58.9141621047214,59.55736923217773,9772200,0.0,0.0,-0.07271431956851904,0.9942021774040589,67.76946449279785,73.88757569350004,61.65135329209567,64.63312232201957,65.537344737468,67.12277238313084,66.19480781102001,67.67535400390625
2020-03-13 00:00:00-04:00,61.92513448398768,64.51661118852516,59.84635596308653,64.41407012939453,11952900,0.0,0.0,0.08154659884796955,1.0752759835386057,67.430615234375,73.50319926781928,61.35803120093071,64.63312232201957,65.537344737468,67.12277238313084,66.19480781102001,66.22169494628906
2020-03-16 00:00:00-04:00,57.94468638528802,61.813256469978825,57.83282505176645,58.11248016357422,8849300,0.0,0.0,-0.09782940207258639,0.9700823770060116,66.76177177429199,73.78261103154874,59.74093251703523,64.0924537955421,64.99667621099053,67.30921223550882,66.381247663398,66.78440856933594
2020-03-17 00:00:00-04:00,59.83702049097057,65.65385903025589,59.01669583070976,65.439453125,9389100,0.0,0.0,0.12608260636616975,1.0923928914888188,66.4881748199463,73.26028285476224,59.71606678513035,63.56111492328104,64.99667621099053,67.30921223550882,66.381247663398,66.80315399169922
2020-03-18 00:00:00-04:00,63.20222671911862,67.24791138226107,60.91836627945955,63.09968566894531,9189300,0.0,0.0,-0.0357546914639606,1.0533347206962123,66.12229232788086,72.79463476614674,59.44994988961498,62.829341572831154,64.94074481372131,67.6867463962593,66.814373061016,66.96259307861328
2020-03-19 00:00:00-04:00,63.370004650586445,64.31150734894918,60.64801624395213,62.13019561767578,8926800,0.0,0.0,-0.015364419663768114,1.0371508440010178,65.72564659118652,72.35634802412454,59.094945158248485,62.54036821701376,64.66574557835425,67.6867463962593,67.02748822617556,66.61559295654297
2020-03-20 00:00:00-04:00,62.214096793807045,62.31663783124848,57.22690270376381,57.870113372802734,9168300,0.0,0.0,-0.06856701805814158,0.9660365033513831,65.06426105499267,72.05275644242087,58.07576566756447,62.23740704301244,64.36278440435294,68.80769842900466,67.02748822617556,66.69060516357422
2020-03-23 00:00:00-04:00,57.87944149570272,59.16585945172931,54.523572586773,56.36930084228516,8306800,0.0,0.0,-0.025934155698801642,0.9409831622627425,64.41406192779542,72.07313025145007,56.75499360414077,60.88574198451703,63.01111934585752,69.02872556201916,67.02748822617556,65.7996597290039
2020-03-24 00:00:00-04:00,56.96589806970484,61.41242302221362,55.56761879869985,57.03115081787109,9887200,0.0,0.0,0.011741319578145948,0.9520315462885237,63.82585277557373,71.85093207151169,55.80077347963576,60.88574198451703,63.00646135367323,69.42223135908182,67.02748822617556,65.90283203125
2020-03-25 00:00:00-04:00,56.63961789302646,58.00061210988095,55.00829244781709,55.82861709594727,10375500,0.0,0.0,-0.021085559464933512,0.9319574285067644,63.218532180786134,71.72504454205165,54.71201981952062,60.88574198451703,62.93654544487109,69.42223135908182,67.02748822617556,64.27094268798828
2020-03-26 00:00:00-04:00,56.26675927052968,59.976856342012674,56.10828576833609,59.49212265014648,9053300,0.0,0.0,0.06562056781566139,0.9931130041454019,62.9234956741333,71.51770875348583,54.32928259478076,60.88574198451703,62.93654544487109,69.65294721319529,67.09234823144317,65.16191101074219
2020-03-27 00:00:00-04:00,59.68787302944654,62.11155539331803,59.0633100683287,60.83446502685547,6366500,0.0,0.0,0.022563363297740446,1.015520973653645,62.81582794189453,71.45846351640009,54.173192367388985,60.88574198451703,62.93654544487109,69.36163980727297,67.09234823144317,65.19943237304688
2020-03-30 00:00:00-04:00,61.514951785942365,62.39120889662066,60.56412520083496,62.06494522094727,4950500,0.0,0.0,0.020226695402821626,1.036061607062914,62.542696952819824,70.91041944442918,54.17497446121047,60.88574198451703,62.55435033487255,69.36163980727297,67.09234823144317,63.62383270263672
2020-03-31 00:00:00-04:00,61.53360719411472,61.98105254477971,60.554808932509694,61.85987091064453,5784400,0.0,0.0,-0.0033041890164035026,1.0326382636805393,62.29007434844971,70.41377130105244,54.166377395846986,59.41753996786109,62.43782756304537,68.6205513258956,67.09234823144317,64.524169921875
2020-04-01 00:00:00-04:00,60.35904945954094,61.38445273838101,59.74380322502761,61.10480117797852,4247700,0.0,0.0,-0.01220613172240037,1.020033745012464,61.832371139526366,69.08440526580345,54.580337013249284,58.45739074169683,62.43782756304537,68.48305170821209,67.09234823144317,65.05876159667969
2020-04-02 00:00:00-04:00,60.38700548354622,64.0318560089208,60.32175275068344,63.54711532592773,5676700,0.0,0.0,0.03996926756762598,1.0608037466948748,61.63800945281982,68.47091546009965,54.80510344553999,59.2777142978469,62.43782756304537,68.48305170821209,67.09234823144317,65.06813049316406
2020-04-03 00:00:00-04:00,63.342047488886486,64.03187037623317,62.22342692824138,63.03443145751953,4720800,0.0,0.0,-0.008067775630391516,1.0522454200786617,61.41009044647217,67.71114100361704,55.10903988932729,59.520081412025135,62.43782756304537,68.23602136310436,67.09234823144317,64.45852661132812
2020-04-06 00:00:00-04:00,64.88014734754378,66.86570817624475,64.4420187682151,65.7191162109375,5172800,0.0,0.0,0.042590766527770496,1.097061359095148,61.43386096954346,67.79653715522218,55.07118478386473,60.93700031203092,62.43782756304537,66.82376284810738,66.99155716051767,64.05524444580078
2020-04-07 00:00:00-04:00,65.51404022104236,66.92164327176987,64.16237317440732,64.3581314086914,5964900,0.0,0.0,-0.020709116018507667,1.0743421881302249,61.30475368499756,67.30598090479174,55.30352646520338,61.51496452005298,62.43782756304537,66.78880489370633,66.99155716051767,62.89230728149414
2020-04-08 00:00:00-04:00,64.91743736696925,65.95216447396727,64.1810095179877,65.4581069946289,4265600,0.0,0.0,0.017091477982049463,1.0927042839838395,61.36627712249756,67.51118588648767,55.22136835850744,62.992476670049285,62.43782756304537,66.78880489370633,66.99155716051767,64.66485595703125
2020-04-09 00:00:00-04:00,65.86827564792397,66.62334414068444,65.029306704848,65.16913604736328,3582500,0.0,0.0,-0.004414593707840253,1.0878804385272343,61.64686546325684,67.94797281601566,55.34575811049802,63.332723248398736,61.906488690784315,66.78880489370633,66.99155716051767,65.85592651367188
2020-04-13 00:00:00-04:00,64.90811626521969,65.44878591578886,64.5165998059864,64.7776107788086,3335000,0.0,0.0,-0.006007832730360874,1.081344634821931,61.66504249572754,68.00035158417212,55.32973340728296,63.332723248398736,61.17471534033443,66.59770733870704,66.99155716051767,64.94619750976562
2020-04-14 00:00:00-04:00,66.4928324710315,68.87922647664213,65.82165737894974,68.1521224975586,4940600,0.0,0.0,0.052093797195958746,1.137675982927283,62.16702461242676,68.8807396413228,55.453309583530704,64.31151485083487,61.701399531707565,66.53944595279346,66.99155716051767,66.09038543701172
2020-04-15 00:00:00-04:00,67.30383958703909,67.99366248330799,66.82842975422479,67.72332763671875,3390500,0.0,0.0,-0.006291731572339532,1.130518031026407,62.28121833801269,69.28822401421658,55.274212661808804,64.60048961366279,61.701399531707565,66.53944595279346,66.99155716051767,65.8934326171875
2020-04-16 00:00:00-04:00,67.95636477139318,68.3105929116523,66.87502553478873,67.90042877197266,3561800,0.0,0.0,0.0026150684178414263,1.1334744130251444,62.52125549316406,69.9451310749129,55.09737991141524,65.55132670244176,61.701399531707565,66.53944595279346,66.99155716051767,66.35298156738281
2020-04-17 00:00:00-04:00,68.19115928841461,69.11962996471138,67.08449459602289,68.8570327758789,3762400,0.44,0.0,0.014088335246287942,1.149443180548932,62.85759735107422,70.77857304370377,54.93662165844466,66.64100156955935,61.82160127574219,66.53944595279346,66.99155716051767,65.11502075195312
2020-04-20 00:00:00-04:00,68.3974963647263,68.75387728685028,67.64721245419007,67.67535400390625,3187400,0.0,0.0,-0.017161337402075927,1.1297171983030165,63.347859382629395,71.18580657376805,55.509912191490734,66.64100156955935,61.82160127574219,65.08523352974379,65.537344737468,66.20293426513672
2020-04-21 00:00:00-04:00,67.05638220835152,67.2908450832059,65.88406783407963,66.22169494628906,3142800,0.0,0.0,-0.02147988849135951,1.1054509988566967,63.84047908782959,71.07064353560757,56.61031464005161,66.65031974134953,61.82160127574219,65.08523352974379,65.537344737468,67.60971069335938
2020-04-22 00:00:00-04:00,66.77502805029128,67.27209538630437,66.17480362574517,66.78440856933594,3498100,0.0,0.0,0.008497421026497198,1.114844481418144,64.32814197540283,70.93805982469158,57.71822412611408,66.81811488534889,61.82160127574219,64.54456500326631,64.99667621099053,67.83477783203125
2020-04-23 00:00:00-04:00,66.63434046455455,67.15015440760257,66.30608677187924,66.80315399169922,4041800,0.0,0.0,0.00028068560858507396,1.1151574022198885,64.87686882019042,70.27181245370815,59.481925186672704,66.81811488534889,61.82160127574219,64.27889556713578,64.99667621099053,68.2099380493164
2020-04-24 00:00:00-04:00,66.35298822220258,67.4408993081341,66.21230907760958,66.96259307861328,3549700,0.0,0.0,0.002386699989253005,1.117818948379782,65.25039234161378,70.10407329338565,60.396711389841904,67.47064367183056,61.82160127574219,63.88504319327623,64.99667621099053,67.93795013427734
2020-04-27 00:00:00-04:00,67.45028024489011,67.47841464592035,66.484294314909,66.61559295654297,2926700,0.0,0.0,-0.005181999473391596,1.1120264111779308,65.53944873809814,69.97277732775848,61.1061201484378,67.5018488993955,61.82160127574219,63.603056897684,64.99667621099053,67.19703674316406
2020-04-28 00:00:00-04:00,67.4690234440524,67.4690234440524,66.06224652256832,66.69060516357422,2995700,0.0,0.0,0.0011260457755015718,1.1132786038204838,65.77073173522949,69.92586827782795,61.61559519263103,67.5018488993955,61.82160127574219,63.30009572368269,64.6937150369892,66.35298156738281
2020-04-29 00:00:00-04:00,66.1560406963322,66.43739183204234,64.56168897302041,65.7996597290039,4675700,0.0,0.0,-0.013359384464799229,1.098405886935611,65.96772117614746,69.71151018888519,62.22393216340974,66.8406594688659,62.06396120626424,61.948430665187274,63.342049978493804,67.90043640136719
2020-04-30 00:00:00-04:00,65.41515232352369,66.39051889421653,64.8711966514611,65.90283203125,7128300,0.0,0.0,0.0015679762277041043,1.1001281612546963,66.20762271881104,69.20807293007859,63.2071725075435,66.65778312993535,62.06396120626424,61.94610166909513,63.342049978493804,68.94145202636719
2020-05-01 00:00:00-04:00,65.83715250145985,66.58743633635868,64.06461427562927,64.27094268798828,4497000,0.0,0.0,-0.024762051841534016,1.072886730693376,66.24381408691406,69.12905328279926,63.358574891028844,65.77151446077481,62.613957866523734,61.91114371469406,63.342049978493804,68.72573852539062
2020-05-04 00:00:00-04:00,64.38349271999896,65.5182919263323,63.79264182583208,65.16191101074219,5031500,0.0,0.0,0.013862692618019201,1.0877598296549298,66.35018806457519,68.88651108048023,63.813865048670145,65.63552823587622,64.09147001652003,61.91114371469406,63.342049978493804,69.7386245727539
2020-05-05 00:00:00-04:00,65.1806784915703,65.77152235380927,64.7305066285032,65.19943237304688,2458000,0.0,0.0,0.0005758174019558915,1.0883861806939936,66.32420387268067,68.89664026294211,63.751767482419226,65.63552823587622,64.4317165948695,61.91114371469406,63.342049978493804,68.55693054199219
2020-05-06 00:00:00-04:00,65.07750516987026,65.17128887463802,63.58632494492003,63.62383270263672,4551400,0.0,0.0,-0.02416584950303191,1.062084404050163,66.28748893737793,68.99022700895553,63.58475086580034,65.5323697954202,64.4317165948695,61.72004615969479,63.342049978493804,68.26620483398438
2020-05-07 00:00:00-04:00,64.61795361736792,65.32134206642075,63.923945684435566,64.524169921875,3985800,0.0,0.0,0.014150942830593927,1.0771138997331422,66.24079208374023,69.03105385549269,63.45053031198778,65.5323697954202,64.4317165948695,60.927683765453224,63.342049978493804,68.3599853515625
2020-05-08 00:00:00-04:00,65.41514259334515,65.48079191260561,64.5054254869937,65.05876159667969,3938600,0.0,0.0,0.00828513835128697,1.0860379374125255,66.23527336120605,69.0345111340191,63.436035588393004,65.52767419448621,64.7206913576974,60.4476091523711,63.342049978493804,68.960205078125
2020-05-11 00:00:00-04:00,65.20880964056173,65.64960096329632,64.63671968831962,65.06813049316406,2797200,0.0,0.0,0.0001440066834110798,1.0861943341339508,66.24979934692382,69.02120651764263,63.47839217620502,65.08688064063935,65.67152844647637,60.85777093044614,63.342049978493804,69.2228012084961
2020-05-12 00:00:00-04:00,65.40575132566552,65.63084080205675,64.24281765192934,64.45852661132812,3961400,0.0,0.0,-0.009368701347581831,1.0760181038120142,66.0651195526123,68.79639115199687,63.333847953227725,65.08688064063935,66.3529774548157,60.97895448753525,63.342049978493804,69.03524780273438
2020-05-13 00:00:00-04:00,64.72111798723718,65.22755853042204,63.6238265660513,64.05524444580078,3864200,0.0,0.0,-0.006256459567545725,1.0692860400515671,65.8817153930664,68.63573724002727,63.127693546105526,65.08688064063935,66.3529774548157,61.68741393753814,63.342049978493804,68.80076599121094
2020-05-14 00:00:00-04:00,63.877054030402974,64.04586755435197,61.46677642222078,62.89230728149414,4999800,0.0,0.0,-0.018155221705392743,1.0498729149279495,65.63130931854248,68.51470887956543,62.74790975751953,63.61914938801503,65.29320319346608,61.97639604154917,63.342049978493804,68.55693054199219
2020-05-15 00:00:00-04:00,62.620339467403326,64.68361699335418,62.27333900305676,64.66485595703125,7939700,0.0,0.0,0.028183871003547578,1.0794623977323974,65.4217004776001,67.91596121310442,62.92743974209577,63.61914938801503,65.29320319346608,62.71515211654733,63.342049978493804,68.38813781738281
2020-05-18 00:00:00-04:00,65.57456823131663,66.35298661129289,64.88056019814228,65.85592651367188,5017700,0.0,0.0,0.018419132603219257,1.0993451587764194,65.33072910308837,67.6108789360092,63.050579270167546,63.90988151675684,65.29320319346608,62.619605969591525,63.342049978493804,67.55343627929688
2020-05-19 00:00:00-04:00,65.48077242327551,66.00596682104326,64.8430333023131,64.94619750976562,5304100,0.0,0.0,-0.013813927645788815,1.0841588842953336,65.2669542312622,67.51462653859649,63.01928192392791,63.90988151675684,65.29320319346608,62.25371929436658,63.342049978493804,68.12553405761719
2020-05-20 00:00:00-04:00,65.34010149880275,66.20292301907652,65.14315357495144,66.09038543701172,3406100,0.0,0.0,0.01761747371082123,1.1032590249377598,65.232253074646,67.40450503166251,63.06000111762948,63.90988151675684,65.29320319346608,63.00645719127122,63.342049978493804,67.07513427734375
2020-05-21 00:00:00-04:00,66.59682107378144,66.59682107378144,65.4245069794582,65.8934326171875,5171900,0.0,0.0,-0.002980052522343457,1.0999712550976959,65.18676700592042,67.26035131627269,63.11318269556814,64.03179874800111,65.29320319346608,63.15094457268518,63.342049978493804,67.92857360839844
2020-05-22 00:00:00-04:00,65.73399625534962,66.5217950929157,65.66834694848893,66.35298156738281,3427400,0.0,0.0,0.00697412370160011,1.1076425906989515,65.15628643035889,67.13955841231486,63.173014448402924,64.03179874800111,65.29320319346608,63.62636311707466,63.342049978493804,68.70698547363281
2020-05-26 00:00:00-04:00,66.90631314371052,67.03761891802034,64.80552808332489,65.11502075195312,6475600,0.0,0.0,-0.018657199513672396,1.0869770818944402,65.0812578201294,66.94683296570295,63.21568267455584,64.25219767012057,65.11032685453553,64.23130142265077,63.342049978493804,68.49127960205078
2020-05-27 00:00:00-04:00,65.3494931168048,66.26859073947831,65.12441075920196,66.20293426513672,3811400,0.0,0.0,0.016707566097964532,1.1051378233371643,65.05687427520752,66.84815375201444,63.265594798400606,64.25219767012057,64.47259553407056,64.23130142265077,63.342049978493804,68.72573852539062
2020-05-28 00:00:00-04:00,67.15016546527328,67.96609884003921,66.77502343703931,67.60971069335938,4685600,0.0,0.0,0.021249457351673273,1.1286214023818884,65.14737682342529,67.24062074266195,63.054132904188634,65.11971892154799,64.71643763112999,64.23596050854586,63.342049978493804,68.88516998291016
2020-05-29 00:00:00-04:00,67.65658381745841,68.06924062794849,67.11262841367362,67.83477783203125,4317000,0.0,0.0,0.0033289173458033172,1.1323784897451223,65.24397411346436,67.62909104375589,62.85885718317284,66.43738435563668,64.76800852508464,64.31985808054554,63.342049978493804,69.37286376953125
2020-06-01 00:00:00-04:00,67.77852009239479,68.45377427076423,67.48778843707852,68.2099380493164,2640600,0.0,0.0,0.0055304996828338115,1.1386411086235055,65.44092388153076,68.10909656170939,62.77275120135213,66.62965117704456,64.96027534649251,64.31985808054554,63.342049978493804,69.86054992675781
2020-06-02 00:00:00-04:00,68.13489804769972,68.5663087849922,67.17828571937667,67.93795013427734,3751300,0.0,0.0,-0.003987511538896427,1.1341007640642076,65.57972583770751,68.45829796385684,62.7011537115582,66.68591843415854,65.0165426036065,64.64612247378638,63.286118581224585,68.76325988769531
2020-06-03 00:00:00-04:00,68.36935068789742,68.36935068789742,67.15952183830422,67.19703674316406,4535700,0.0,0.0,-0.01090573662656713,1.1217325598233348,65.67960605621337,68.63687862429842,62.72233348812833,66.68591843415854,65.0165426036065,64.66172508756884,63.01111934585752,69.10088348388672
2020-06-04 00:00:00-04:00,66.98134024094053,67.85354226365416,66.20292192013677,66.35298156738281,4985800,0.0,0.0,-0.01256089876414257,1.1076425906989513,65.81606349945068,68.62806435986059,63.00406263904077,66.68591843415854,65.0165426036065,64.66172508756884,63.01111934585752,68.89456176757812
2020-06-05 00:00:00-04:00,66.74687613961657,68.06924992369075,65.92156956116675,67.90043640136719,5976200,0.0,0.0,0.02332155688306048,1.1334745403840374,65.9848768234253,68.87158630900029,63.0981673378503,66.68591843415854,65.0165426036065,64.45231033756507,63.01111934585752,70.19817352294922
2020-06-08 00:00:00-04:00,67.46902575107548,68.9695864209209,67.30021222851552,68.94145202636719,5033300,0.0,0.0,0.01533150124170679,1.1508524067073782,66.17901134490967,69.30545964924119,63.05256304057814,67.04699859006143,65.21818142157085,64.3608721680998,63.00646135367323,70.0481185913086
2020-06-09 00:00:00-04:00,68.73511904136663,68.988335730821,67.65658867171707,68.72573852539062,4608100,0.0,0.0,-0.0031289375932213037,1.1472514613477822,66.361891746521,69.63317355874713,63.09060993429486,67.45495264599387,65.2275560765209,64.19273616364927,62.93654544487109,70.3200912475586
2020-06-10 00:00:00-04:00,69.15715417975956,70.2450651430578,68.86642256088125,69.7386245727539,5726600,0.0,0.0,0.014738088947404693,1.164159755430166,66.62589664459229,70.08889772761813,63.162895561566444,68.08331735211227,65.85592078263929,64.86349912619812,62.93654544487109,70.94273376464844
2020-06-11 00:00:00-04:00,69.26031903692761,70.33884949354282,68.29433331538768,68.55693054199219,5547300,0.0,0.0,-0.016944613376034257,1.1444335184664631,66.85098094940186,70.19841724793059,63.50354465087312,68.1302095273548,65.9028129578818,65.03362241537286,62.93654544487109,69.99934387207031
2020-06-12 00:00:00-04:00,69.01648166709884,69.17592184440976,67.86292844241142,68.26620483398438,4357600,0.0,0.0,-0.004240646506624701,1.139580380464314,67.11967582702637,69.97446243832144,64.2648892157313,68.1302095273548,65.9028129578818,64.98204319514485,62.55435033487255,69.84840393066406
2020-06-15 00:00:00-04:00,67.86292527346589,68.70699293213848,67.281454851883,68.3599853515625,3350500,0.0,0.0,0.0013737473440362802,1.1411458759852928,67.30443229675294,69.96983875653838,64.63902583696749,68.1302095273548,65.9028129578818,64.98204319514485,62.43782756304537,69.94273376464844
2020-06-16 00:00:00-04:00,69.14777963163193,69.75737725362607,68.2193016910572,68.960205078125,3034200,0.0,0.0,0.008780278747511083,1.1511654548680164,67.45964622497559,70.13117440801584,64.78811804193533,68.1302095273548,65.9028129578818,65.1241827760918,62.43782756304537,70.02765655517578
2020-06-17 00:00:00-04:00,69.21342784739643,69.85116700880926,68.96958450929338,69.2228012084961,2410500,0.0,0.0,0.0038079372019499402,1.1555490206292078,67.67347640991211,70.18413370752506,65.16281911229916,68.1302095273548,65.9028129578818,65.37920454355786,62.43782756304537,70.112548828125
2020-06-18 00:00:00-04:00,69.1571659188731,69.39162878815145,68.6413518996041,69.03524780273438,2975800,0.0,0.0,-0.002709416586549551,1.152418156946144,67.82071952819824,70.28728604886595,65.35415300753053,68.81015217271292,65.9028129578818,65.71992904772753,62.43782756304537,70.42387390136719
2020-06-19 00:00:00-04:00,70.05748319002845,70.71398333640337,68.78200495990016,68.80076599121094,5842700,0.0,0.0,-0.003396552036627143,1.1485039087081226,67.96608619689941,70.29882723494426,65.63334515885457,68.99771909414318,66.09037987931208,65.71992904772753,62.43782756304537,71.42385864257812
2020-06-22 00:00:00-04:00,68.82890828532909,68.89455759198022,68.20054961377717,68.55693054199219,2220400,0.0,0.0,-0.0035440804430854067,1.144433518466463,68.07628364562989,70.298228801817,65.85433848944277,68.99771909414318,66.49366116973007,64.45617629074056,62.43782756304537,71.88612365722656
2020-06-23 00:00:00-04:00,68.7820337770938,69.27910114176524,68.27560020331678,68.38813781738281,3489000,0.0,0.0,-0.002462081124037341,1.141615830302931,68.23993949890136,69.99361643247089,66.48626256533184,68.99771909414318,67.75975570986412,64.45617629074056,62.43782756304537,72.5181884765625
2020-06-24 00:00:00-04:00,68.07863078203367,68.16304113010978,67.30021954554547,67.55343627929688,3243000,0.0,0.0,-0.012205355559100739,1.1276820031821857,68.30746459960938,69.82840862379449,66.78652057542426,68.99771909414318,67.75975570986412,64.60154235511146,61.906488690784315,72.82950592041016
2020-06-25 00:00:00-04:00,67.62847389527046,68.20994441541076,66.83130153177632,68.12553405761719,3379900,0.0,0.0,0.008468818313771553,1.1372321371828455,68.33325576782227,69.82283121115613,66.8436803244884,68.77264243408985,67.75975570986412,64.60154235511146,61.82160127574219,72.23516082763672
2020-06-26 00:00:00-04:00,68.14429154060593,68.3881277720927,66.7844026100578,67.07513427734375,5402400,0.0,0.0,-0.015418591498821299,1.1196976194202917,68.29527359008789,69.87096415057029,66.71958302960549,68.74919297323058,67.75975570986412,64.60154235511146,61.82160127574219,72.4238510131836
2020-06-29 00:00:00-04:00,67.42213302045907,67.99422291672921,67.42213302045907,67.92857360839844,3176600,0.0,0.0,0.012723632091825143,1.133944239983888,68.281205368042,69.86478240523044,66.69762833085355,68.74919297323058,67.75975570986412,64.66250097073359,61.82160127574219,71.86724090576172
2020-06-30 00:00:00-04:00,68.07861968996572,68.94144828918756,67.77850757226511,68.70698547363281,3556100,0.0,0.0,0.011459269993240984,1.1469384131871438,68.31965713500976,69.90539645698847,66.73391781303106,68.74919297323058,67.75975570986412,64.66250097073359,61.82160127574219,71.56536102294922
2020-07-01 00:00:00-04:00,68.706988550325,69.00710068146458,68.43501081347387,68.49127960205078,3286300,0.0,0.0,-0.0031395042308297594,1.1433375951864417,68.38436927795411,69.8839611785809,66.88477737732731,68.74919297323058,67.91919704780267,64.68126226232805,61.82160127574219,71.9238510131836
2020-07-02 00:00:00-04:00,69.06336554815461,69.2790744841794,68.52879062131784,68.72573852539062,2658600,0.0,0.0,0.003423193794919621,1.1472514613477822,68.5030071258545,69.6782004583474,67.32781379336159,68.03175187591151,68.31777644878505,64.36239660209557,61.82160127574219,72.31065368652344
2020-07-06 00:00:00-04:00,69.13839382194844,69.28844629802845,68.35059506800796,68.88516998291016,4026300,0.0,0.0,0.00231982167002287,1.1499128801487821,68.55224380493163,69.7043689691713,67.40011864069197,68.03642445404313,68.31777644878505,64.91807827633899,61.82160127574219,71.65970611572266
2020-07-07 00:00:00-04:00,68.64134087966252,69.60732660116804,68.63196036293047,69.37286376953125,4043800,0.0,0.0,0.007079808132027354,1.1580540427087824,68.57381439208984,69.77007541570447,67.37755336847522,68.19586460561291,68.31777644878505,65.60269644036066,61.82160127574219,72.86723327636719
2020-07-08 00:00:00-04:00,69.45727353194313,69.9355797572439,69.15716136523723,69.86054992675781,3166900,0.0,0.0,0.0070299268435385365,1.1661950779098893,68.6305549621582,69.95271891465615,67.30839100966026,68.35999118365085,68.31777644878505,65.79496326176854,61.82160127574219,72.62196350097656
2020-07-09 00:00:00-04:00,69.45726787507282,69.98246949046253,68.67885670170142,68.76325988769531,2916700,0.0,0.0,-0.015706862316613668,1.147877812386846,68.58178672790527,69.80400142162448,67.35957203418606,68.38343605026017,68.31777644878505,65.85123051888252,61.82160127574219,72.68799591064453
2020-07-10 00:00:00-04:00,68.71636101963537,69.36348070082057,68.17241270823135,69.10088348388672,4418600,0.0,0.0,0.004909941686051855,1.1535138255083783,68.608984375,69.85203500403568,67.36593374596433,68.70230125546081,68.31777644878505,65.85123051888252,61.82160127574219,72.83893585205078
2020-07-13 00:00:00-04:00,69.05399478550275,69.52292047721393,68.69761383568802,68.89456176757812,3142900,0.0,0.0,-0.002985804318358709,1.1500696589468888,68.6404022216797,69.87891582590531,67.40188861745408,68.88048853136382,68.31777644878505,65.85123051888252,61.82160127574219,73.25404357910156
2020-07-14 00:00:00-04:00,68.74450819446622,70.26382283255505,68.72574716015707,70.19817352294922,3181600,0.0,0.0,0.018921838268874502,1.1718310910314216,68.73231163024903,70.13748107560815,67.32714218488991,69.2181177703932,68.74919297323058,65.85123051888252,62.06396120626424,73.53703308105469
2020-07-15 00:00:00-04:00,70.33885021585803,70.79839536713503,69.73862593310173,70.0481185913086,3270900,0.0,0.0,-0.0021375902549881642,1.1693261963107406,68.78670730590821,70.3039731298238,67.26944148199262,69.4854040376832,68.79139898859641,66.13259000581614,62.06396120626424,73.82006072998047
2020-07-16 00:00:00-04:00,70.15127773305001,70.45138985270556,69.58856124786317,70.3200912475586,2557800,0.0,0.0,0.0038826546910817328,1.1738662861522513,68.84157180786133,70.49289632024175,67.1902472954809,69.4854040376832,68.79139898859641,66.34125436125738,62.613957866523734,74.23516082763672
2020-07-17 00:00:00-04:00,70.67858642874155,71.02764237831857,70.16915633914607,70.94273376464844,2871800,0.44,0.0,0.00885440428252382,1.184260172823468,68.93694610595703,70.82775219661673,67.04614001529734,69.60002754327496,68.90602249418819,66.96961906737579,64.65418760569325,74.65023040771484
2020-07-20 00:00:00-04:00,70.72575621799741,70.92386671302985,69.70689607428075,69.99934387207031,2134600,0.0,0.0,-0.01329790723469737,1.1685119909035149,68.996875,70.94240421937369,67.05134578062632,69.60002754327496,68.90602249418819,67.0165112426183,65.04132635928522,74.14082336425781
2020-07-21 00:00:00-04:00,70.1502876106396,70.61254542115455,69.78236710059049,69.84840393066406,2920200,0.0,0.0,-0.0021563050888320223,1.1659923225511684,69.06144866943359,71.03012746778583,67.09276987108134,69.60002754327496,68.90602249418819,67.0165112426183,65.04132635928522,74.1974105834961
2020-07-22 00:00:00-04:00,69.42386787126388,70.00877058767249,68.49935234892726,69.94273376464844,4239400,0.0,0.0,0.0013504937647252913,1.1675669879124912,69.13917846679688,71.11822748785005,67.1601294457437,69.60002754327496,68.90602249418819,67.0165112426183,65.04132635928522,74.5842056274414
2020-07-23 00:00:00-04:00,70.65028855593826,70.92387179175712,69.96161971876953,70.02765655517578,3868000,0.0,0.0,0.0012141760259629653,1.1689846197579203,69.26288948059081,71.13530315130765,67.39047580987398,69.76349736362292,68.90602249418819,67.0165112426183,65.33030112211313,74.87664794921875
2020-07-24 00:00:00-04:00,70.49934110338594,70.98046347837837,69.78236468916714,70.112548828125,2630700,0.0,0.0,0.0012122677971142526,1.1704017421677748,69.36224021911622,71.19265972116273,67.5318207170697,69.76349736362292,68.90602249418819,67.0165112426183,65.9028129578818,74.77288055419922
2020-07-27 00:00:00-04:00,69.90500792989187,70.49934662403179,69.81067062529863,70.42387390136719,3182800,0.0,0.0,0.004440361653452074,1.1755987491828301,69.52967720031738,71.08123277494174,67.97812162569302,69.76349736362292,68.90602249418819,67.35648256529737,65.9028129578818,73.66911315917969
2020-07-28 00:00:00-04:00,70.67858173859644,71.68800596095653,70.51820760922021,71.42385864257812,4035900,0.0,0.0,0.014199513400973585,1.1922916793760194,69.70444145202637,71.28271205166304,68.1261708523897,70.0936791549419,69.23620428550717,67.54404948672763,66.09037987931208,74.97099304199219
2020-07-29 00:00:00-04:00,71.30122802145259,72.15027819956438,71.25405576809486,71.88612365722656,3186700,0.0,0.0,0.006472137230245645,1.200008354743421,69.86339836120605,71.63821361438131,68.08858310803079,70.32481527424582,69.4673404048111,67.74569013193663,66.09037987931208,73.27288055419922
2020-07-30 00:00:00-04:00,71.57480112277725,72.8200721418748,71.4332915802146,72.5181884765625,4858400,0.0,0.0,0.008792584537591797,1.210559529648319,70.06474380493164,72.07232523833625,68.05716237152703,70.65971224540104,69.8022373759663,68.37873740200365,66.09037987931208,72.83893585205078
2020-07-31 00:00:00-04:00,72.27291079758608,73.07478866482026,71.51819798285108,72.82950592041016,4346700,0.0,0.0,0.004292956710415741,1.2157564093044804,70.26993217468262,72.51562492862995,68.0242394207353,70.78707050687376,69.92959563743904,68.37873740200365,66.09037987931208,71.35781860351562
2020-08-03 00:00:00-04:00,72.35779857799879,72.89552901800707,72.1691240085997,72.23516082763672,3127500,0.0,0.0,-0.008160773374227603,1.2058348967698818,70.43743171691895,72.74456240677091,68.13030102706699,70.78707050687376,69.92959563743904,68.26619907197698,66.09037987931208,73.17855834960938
2020-08-04 00:00:00-04:00,72.19744004159087,72.52762420797089,71.72574631891226,72.4238510131836,3410900,0.0,0.0,0.0026121653691215663,1.2089847369281024,70.58998107910156,72.9977636918407,68.18219846636242,71.4285766769937,70.24846084263967,68.25447434154735,66.09037987931208,72.08423614501953
2020-08-05 00:00:00-04:00,72.44270770336188,72.73515544731576,71.65025867163646,71.86724090576172,2730200,0.0,0.0,-0.0076854530604918425,1.1996931414815903,70.69031562805176,73.13551085624975,68.24512039985377,71.4285766769937,70.42664811854269,68.25447434154735,66.09037987931208,72.40497589111328
2020-08-06 00:00:00-04:00,71.62196195765408,71.79177195924257,71.320078310105,71.56536102294922,3156100,0.0,0.0,-0.004200521392053291,1.1946538047768973,70.83042068481446,73.13337104046465,68.52747032916426,71.44272964505944,70.6236006865258,68.25447434154735,66.09037987931208,72.78233337402344
2020-08-07 00:00:00-04:00,71.5370659344947,71.95215148266394,71.32008367268793,71.9238510131836,2968000,0.0,0.0,0.005009266845162896,1.200638144472614,70.9715690612793,73.17609690305343,68.76704121950516,71.79649813702024,70.6236006865258,68.33419501051662,66.09037987931208,72.584228515625
2020-08-10 00:00:00-04:00,72.1691441213003,72.54650056273684,71.94273313542857,72.31065368652344,3407300,0.0,0.0,0.005377947202367395,1.207095113022736,71.14237365722656,73.19962596507864,69.08512134937448,72.16442221645755,70.6236006865258,68.17476416234828,66.09037987931208,72.55592346191406
2020-08-11 00:00:00-04:00,72.36724666646732,72.59365762741271,71.51819656607879,71.65970611572266,3398400,0.0,0.0,-0.009002097721626634,1.1962287248560075,71.21545028686523,73.23647731870346,69.194423255027,72.19743348746263,70.6236006865258,68.17710045141409,66.09037987931208,72.36724090576172
2020-08-12 00:00:00-04:00,72.03705504072734,73.37666328373956,71.94271774991185,72.86723327636719,3844300,0.0,0.0,0.016850852816707063,1.2163861990336733,71.35640602111816,73.4253045500393,69.28750749219702,72.34837079692228,70.77453799598545,68.25682052719898,66.09037987931208,71.53707122802734
2020-08-13 00:00:00-04:00,72.62196350097656,72.8200739865932,72.18799897346453,72.62196350097656,2964900,0.0,0.0,-0.0033659817226815436,1.2122918653200039,71.47149963378907,73.55319791835788,69.38980134922025,72.34837079692228,70.77453799598545,68.33888381621796,66.09037987931208,70.93329620361328
2020-08-14 00:00:00-04:00,72.5370504846037,72.98044367675604,72.32007543151259,72.68799591064453,2538400,0.0,0.0,0.0009092622463600097,1.2133941565447086,71.55876274108887,73.69074698746985,69.42677849470789,72.34837079692228,70.77453799598545,68.35060624952261,66.09037987931208,71.76346588134766
2020-08-17 00:00:00-04:00,72.50875172166464,73.36723046066862,72.480451252985,72.83893585205078,2762300,0.0,0.0,0.0020765456457458864,1.2159138248970551,71.70074234008788,73.77523416951897,69.6262505106568,72.34837079692228,70.93800781633341,68.51003885212293,66.09037987931208,70.88612365722656
2020-08-18 00:00:00-04:00,72.85782254154229,73.76347371202449,72.58423929252021,73.25404357910156,4286200,0.0,0.0,0.005698981213755561,1.222843294942689,71.87102432250977,73.86610589021053,69.875942754809,72.54177601106474,71.13141303047587,68.59913249007444,66.09037987931208,71.47101593017578
2020-08-19 00:00:00-04:00,73.45213168354687,73.76345120268925,73.2823216910577,73.53703308105469,2470600,0.0,0.0,0.0038631246566962485,1.227567291026658,72.05073928833008,73.96362673388842,70.13785184277174,72.54177869235622,71.13141303047587,68.98365537181189,66.09037987931208,71.65026092529297
2020-08-20 00:00:00-04:00,73.42383976719424,73.87666166824299,73.15969245867007,73.82006072998047,2009200,0.0,0.0,0.003848777100019962,1.232291923905095,72.24035949707032,74.06221581648649,70.41850317765415,72.69742911716088,71.18800700858512,69.1384015131398,66.1325858946779,72.27291107177734
2020-08-21 00:00:00-04:00,73.92384124139066,74.37666318731668,73.47101209798959,74.23516082763672,3405200,0.0,0.0,0.005623134058025281,1.2392212665918352,72.4464900970459,74.18903730638496,70.70394288770683,72.94742987669773,71.43800776812196,69.1384015131398,66.1325858946779,71.90497589111328
2020-08-24 00:00:00-04:00,74.34834677599268,74.70683853692579,74.17853678330687,74.65023040771484,2796800,0.0,0.0,0.0055912801353237285,1.2461500998430008,72.65780792236328,74.39293601635767,70.92267982836889,73.32477814341883,71.60309544292653,69.25302501873158,66.24720940026968,72.78233337402344
2020-08-25 00:00:00-04:00,74.81063485189222,74.8200635451161,74.02762146576526,74.14082336425781,2374100,0.0,0.0,-0.006823917899178911,1.2376464738716186,72.79365615844726,74.54661503611564,71.04069728077889,73.50403125929031,71.65970794702167,69.25302501873158,66.24720940026968,72.6974105834961
2020-08-26 00:00:00-04:00,73.84835470081903,74.68796879937793,73.60307199414126,74.1974105834961,3476800,0.0,0.0,0.0007632396926624541,1.238591094785961,72.90922050476074,74.71220495329331,71.10623605622817,73.57006948831435,71.65970794702167,69.25302501873158,66.24720940026968,73.01818084716797
2020-08-27 00:00:00-04:00,74.5181687972637,74.9804338059824,74.3672305557752,74.5842056274414,2208900,0.0,0.0,0.0052130531362686305,1.2450479359771893,73.01252136230468,74.9474485300816,71.07759419452776,73.7304425294837,72.38139924757476,69.25302501873158,66.24720940026968,73.98043823242188
2020-08-28 00:00:00-04:00,74.52759207877203,75.00872158723135,73.9992975267216,74.87664794921875,3039800,0.0,0.0,0.003920968512262979,1.249929729730414,73.11487846374511,75.21187777935326,71.01787914813697,73.79648043987578,72.39554313819924,69.33475992890556,66.24720940026968,73.15026092529297
2020-08-31 00:00:00-04:00,74.71627242105322,74.98985560592449,74.4521251246186,74.77288055419922,3272700,0.0,0.0,-0.0013858445571696132,1.2481975214176226,73.24176445007325,75.41699750062652,71.06653139951997,74.08420702295071,72.40969610626499,69.33475992890556,66.24720940026968,73.70685577392578
2020-09-01 00:00:00-04:00,74.66910862345577,74.6879732031708,73.39553716720394,73.66911315917969,2968800,0.0,0.0,-0.014761600554086818,1.2297721281938545,73.30402755737305,75.45289384706271,71.15516126768338,74.08420702295071,72.76346459822578,69.33475992890556,66.24720940026968,74.2823257446289
2020-09-02 00:00:00-04:00,73.70685026403278,75.27287670281508,73.59364838964558,74.97099304199219,3405200,0.0,0.0,0.017671990702528007,1.2515046498095244,73.45921516418457,75.61900375935177,71.29942656901737,74.33420693500952,73.26346623545497,69.66494172022453,66.57739119158866,75.25399780273438
2020-09-03 00:00:00-04:00,75.112489873959,75.56531168984206,72.71628557270276,73.27288055419922,4486600,0.0,0.0,-0.02265026003913051,1.2231577440511576,73.54459114074707,75.52374294106693,71.56543934042722,74.14079863127242,73.44269499997353,69.89607783952846,67.21180860131057,76.06532287597656
2020-09-04 00:00:00-04:00,73.1408195137573,73.9804336727996,72.01818627297015,72.83893585205078,3643800,0.0,0.0,-0.005922309848695684,1.2159138248970551,73.59034538269043,75.4553240637515,71.72536670162935,73.7917489814061,73.44269499997353,70.23097481068368,68.81280011259985,75.71627044677734
2020-09-08 00:00:00-04:00,72.82950056684592,72.94270963997683,71.29178177689117,71.35781860351562,4816200,0.0,0.0,-0.020334141777463288,1.1911892607924208,73.54270362854004,75.57878008971272,71.50662716736736,73.42854673336662,73.42854673336662,70.3583330721564,68.94015837407258,75.33890533447266
2020-09-09 00:00:00-04:00,72.13139778815157,73.9238352391363,72.13139778815157,73.17855834960938,3128600,0.0,0.0,0.025515630686670843,1.2215832060487286,73.61864624023437,75.47126527137254,71.7660272090962,73.42854673336662,73.42854673336662,70.3583330721564,68.94015837407258,75.19739532470703
2020-09-10 00:00:00-04:00,72.7446044593703,73.37667230274529,71.94272659266585,72.08423614501953,4165800,0.0,0.0,-0.014954137240060672,1.2033154831353226,73.57949638366699,75.52574318119677,71.63324958613721,73.42854673336662,73.42854673336662,70.83851875981668,68.94015837407258,75.763427734375
2020-09-11 00:00:00-04:00,72.39554000274029,72.88610543350003,72.08422766117143,72.40497589111328,2736900,0.0,0.0,0.004449513003765171,1.208669651025165,73.56864700317382,75.53865699143086,71.59863701491679,73.42854673336662,73.42854673336662,70.9276123977682,68.94015837407258,74.7257080078125
2020-09-14 00:00:00-04:00,72.61252336806595,73.2917633918959,72.59365159102951,72.78233337402344,2529300,0.0,0.0,0.005211761736895637,1.2149689492649252,73.57336387634277,75.53526439083525,71.61146336185028,73.42854673336662,73.42854673336662,71.03316516579262,68.94015837407258,75.31060791015625
2020-09-15 00:00:00-04:00,72.84837583477876,73.32006953254606,72.56535673712852,72.584228515625,2093300,0.0,0.0,-0.00272188111063143,1.2116619482319173,73.56062850952148,75.54485626971373,71.57640074932922,73.42854673336662,73.42854673336662,71.21004941177301,69.09959971201111,75.65967559814453
2020-09-16 00:00:00-04:00,72.85780712151582,73.35780125796802,72.51818710477957,72.55592346191406,2498900,0.0,0.0,-0.00038996148736147873,1.2111894467364055,73.52572250366211,75.55484168271686,71.49660332460736,73.42854673336662,73.42854673336662,71.39401145149168,69.49817911299351,75.21383666992188
2020-09-17 00:00:00-04:00,72.24460314448596,72.83893456870956,71.85781088608115,72.36724090576172,2525300,0.0,0.0,-0.0026005120898418,1.2080397339370788,73.46723289489746,75.55883974246234,71.37562604733259,72.63610772484539,73.42854673336662,71.41051708699422,69.49817911299351,75.2612533569336
2020-09-18 00:00:00-04:00,71.98046447596117,72.58423186113384,71.0182052575782,71.53707122802734,4563600,0.0,0.0,-0.011471622620177535,1.1941815579991728,73.3530834197998,75.60035285255971,71.1058139870399,72.47102024835725,73.29175847371013,71.56145439645387,69.64911642245315,74.64468383789062
2020-09-21 00:00:00-04:00,71.05593396638685,71.63140081800945,70.140847097496,70.93329620361328,3004500,0.0,0.0,-0.008440029959984052,1.1841026298719994,73.18799018859863,75.6306489545457,70.74533142265156,72.03234116831615,72.85307939366903,71.56145439645387,69.64911642245315,74.79644775390625
2020-09-22 00:00:00-04:00,70.98045275760235,72.23515949360772,70.9615881800002,71.76346588134766,2852500,0.0,0.0,0.011703526019027466,1.1979608058099052,73.04365196228028,75.46446209300045,70.62284183156011,71.75875970012065,72.85307939366903,71.56145439645387,69.64911642245315,72.90875244140625
2020-09-23 00:00:00-04:00,71.85781145905119,71.91441959333869,70.78235047475266,70.88612365722656,2962100,0.0,0.0,-0.012225471740337501,1.1833151698324442,72.88091697692872,75.42080204766435,70.34103190619308,71.749324177732,72.85307939366903,71.64318930662785,69.64911642245315,72.728515625
2020-09-24 00:00:00-04:00,71.0370586840409,71.95213821759111,70.71630329495757,71.47101593017578,2385200,0.0,0.0,0.008251153297329283,1.193078884697787,72.74459724426269,75.27982126676375,70.20937322176164,71.749324177732,72.85307939366903,71.8365945207703,69.84252163659562,74.83438873291016
2020-09-25 00:00:00-04:00,71.1219663525083,71.80120634464501,71.06536541898815,71.65026092529297,2803300,0.0,0.0,0.0025079396561580314,1.1960710545456452,72.59790000915527,75.02652787207556,70.16927214623497,71.749324177732,72.85307939366903,71.83659586141604,70.27393816104114,76.03910827636719
2020-09-28 00:00:00-04:00,72.38612015365953,73.12196119220667,72.09366515816592,72.27291107177734,2586300,0.0,0.0,0.008690130900340876,1.2064650685757556,72.4677131652832,74.65886441062113,70.27656191994527,71.749324177732,72.85307939366903,71.942718062873,70.33053213915039,78.83744049072266
2020-09-29 00:00:00-04:00,72.32949726603083,72.43327043722815,71.55592002458832,71.90497589111328,2076000,0.0,0.0,-0.0050909140811922216,1.2003230585696767,72.3243179321289,74.24983833977112,70.3987975244867,71.63140414485133,72.85307939366903,72.19271882240984,70.58053289868724,79.54888916015625
2020-09-30 00:00:00-04:00,72.2446028880704,73.0653452523032,72.08422877063113,72.78233337402344,3962100,0.0,0.0,0.012201624046696669,1.214968949264925,72.2799789428711,74.11748797799159,70.4424699077506,71.63140414485133,72.85307939366903,72.46393679317268,70.74562057349179,78.74259185791016
2020-10-01 00:00:00-04:00,73.14080369014937,73.32948543631709,72.39552698710042,72.6974105834961,4048600,0.0,0.0,-0.0011668050004790542,1.2135513174194958,72.16629981994629,73.54297936423544,70.78962027565714,71.73516626690655,72.85307939366903,72.581869603156,70.80223307758695,78.7615737915039
2020-10-02 00:00:00-04:00,72.25403221489829,73.5464754492514,72.13139445297867,73.01818084716797,3540200,0.0,0.0,0.004412402877864041,1.2189059947449132,72.15356483459473,73.49286863382858,70.81426103536089,72.13138937210448,72.85307939366903,72.61488871766801,70.80223307758695,77.5758285522461
2020-10-05 00:00:00-04:00,73.1125235512079,74.04647506256914,73.04648672106065,73.98043823242188,2768600,0.0,0.0,0.013178325919512845,1.2349691352089096,72.21063995361328,73.7469951093225,70.67428479790406,72.38138917876336,72.85307939366903,73.05592088852923,70.8824182080201,79.06510162353516
2020-10-06 00:00:00-04:00,74.10308422846586,74.17854975148444,72.82950546193362,73.15026092529297,2640900,0.0,0.0,-0.01122157866273743,1.22111083191211,72.30026206970214,73.83628428824528,70.764239851159,72.447426523221,72.85307939366903,73.0960117890375,70.89656209864458,80.56388092041016
2020-10-07 00:00:00-04:00,73.42384386932724,73.95213851589098,73.29177020768631,73.70685577392578,1928300,0.0,0.0,0.0076089249934632175,1.2304021726408347,72.32667694091796,73.93931637238262,70.7140375094533,72.62195758523629,72.85307939366903,73.24695156460785,70.89656209864458,80.3741683959961
2020-10-08 00:00:00-04:00,73.80120332765472,74.37666305006648,73.65969377076082,74.2823257446289,2144500,0.0,0.0,0.0078075501208219045,1.2400085992724963,72.43658142089843,74.25679103836336,70.61637180343351,72.96629153732741,72.85307939366903,73.42383581058824,70.89656209864458,80.97178649902344
2020-10-09 00:00:00-04:00,74.61249418451898,75.59361778869979,74.42381961341532,75.25399780273438,2870600,0.0,0.0,0.013080797462453164,1.2562289006112801,72.57903251647949,74.77808911623684,70.37997591672213,73.57476890664405,72.86723244309789,73.79883658523224,71.02863965643644,81.51246643066406
2020-10-12 00:00:00-04:00,75.17854362119513,76.37664244293555,75.11250679161061,76.06532287597656,2691100,0.0,0.0,0.010781155778181173,1.2697725000818236,72.74318199157715,75.42198555236573,70.06437843078857,74.23043560678335,73.25874477021577,73.79174681562297,71.17485714994993,80.9623031616211
2020-10-13 00:00:00-04:00,75.94268139464872,76.40493917914944,75.32947817991757,75.71627044677734,3042800,0.0,0.0,-0.004588850950759005,1.2639457033375756,72.89978408813477,75.87617678661836,69.92339138965117,74.26816681606405,73.27289313832273,73.61722199068981,71.17485714994993,80.26033020019531
2020-10-14 00:00:00-04:00,75.88607165941238,76.06531034018865,74.92381264693584,75.33890533447266,2200100,0.0,0.0,-0.004983936874835226,1.257646277738922,73.0389331817627,76.1948161305416,69.8830502329838,74.26816681606405,73.27289313832273,73.42854673336662,71.17485714994993,80.99073028564453
2020-10-15 00:00:00-04:00,74.92381216400061,75.60305212196508,74.791738527449,75.19739532470703,3375800,0.0,0.0,-0.0018783125283992064,1.2552840249791501,73.18044090270996,76.45601613312631,69.90486567229361,74.61722232054153,73.27289313832273,73.42854673336662,71.17485714994993,80.78206634521484
2020-10-16 00:00:00-04:00,75.5841890511805,76.0275750127446,75.4992804560054,75.763427734375,2963600,0.0,0.0,0.007527287444250019,1.2647329086593433,73.39175872802734,76.76099349709807,70.02252395895661,74.61722232054153,73.27289313832273,73.42854673336662,71.49372235515057,80.19393920898438
2020-10-19 00:00:00-04:00,75.8955062576463,76.32003486589436,74.53703342468492,74.7257080078125,2854800,0.0,0.0,-0.013696842363055795,1.2474100613780672,73.58137931823731,76.79760129989907,70.36515733657555,74.84835469341787,73.27289313832273,73.42854673336662,71.67190963105358,80.35519409179688
2020-10-20 00:00:00-04:00,75.53701884092227,76.18795836403251,75.19739884603638,75.31060791015625,2960900,0.0,0.0,0.007827291543127224,1.2571739036023035,73.75873641967773,76.94515760026998,70.57231523908548,75.03231647495514,73.27289313832273,73.42854673336662,71.8688621990367,80.39314270019531
2020-10-21 00:00:00-04:00,75.01817180196058,76.16910571842081,75.01817180196058,75.65967559814453,3591700,0.0,0.0,0.004635040104904009,1.2630009550643388,73.99741401672364,76.99492882545532,70.99989920799196,75.41437939628238,73.27289313832273,73.42854673336662,71.8688621990367,80.53543090820312
2020-10-22 00:00:00-04:00,75.29920644897142,75.5837868534972,74.6351951546517,75.21383666992188,2516400,0.44,0.0,-0.0058926888689117,1.2555584833950064,74.18455505371094,76.9867218460818,71.38238826134007,75.47098630191718,73.27289313832273,73.42854673336662,71.8688621990367,81.23738861083984
2020-10-23 00:00:00-04:00,75.46046395976377,75.88732728084673,75.24228470947236,75.2612533569336,2259400,0.0,0.0,0.000630425053568473,1.256350018919159,74.36510467529297,76.94505062609807,71.78515872448787,75.47098630191718,73.27289313832273,73.032327229106,71.8688621990367,81.82551574707031
2020-10-26 00:00:00-04:00,74.8059426913694,75.14743628531292,74.10398685367679,74.64468383789062,3886700,0.0,0.0,-0.008192389729663851,1.2460575099273026,74.48369331359864,76.87743881490165,72.08994781229562,75.21201085978558,73.27289313832273,72.88138936103368,71.8688621990367,81.3322525024414
2020-10-27 00:00:00-04:00,75.14742925852363,75.54583600181057,74.7395345726309,74.79644775390625,2828600,0.0,0.0,0.0020331510324997915,1.2485909330401654,74.62826690673828,76.70691001221908,72.54962380125747,75.21201085978558,73.56062123705351,72.4427102809926,71.8688621990367,80.81053924560547
2020-10-28 00:00:00-04:00,73.43996143233885,74.16089308944717,72.75697430846567,72.90875244140625,4767300,0.0,0.0,-0.025237766888487223,1.217079286133019,74.63458786010742,76.69115309994883,72.578022620266,74.53850458718001,73.56062123705351,72.30591954689484,71.8688621990367,80.65875244140625
2020-10-29 00:00:00-04:00,72.60520132341905,73.4589352036935,71.6755783788581,72.728515625,3939600,0.0,0.0,-0.0024720875117304475,1.2140705596289838,74.63614311218262,76.68682109228075,72.5854651320845,73.99780662237623,73.56062123705351,72.30120178570053,72.03233201938465,81.000244140625
2020-10-30 00:00:00-04:00,75.83041278100131,76.92128730192668,73.68659379623314,74.83438873291016,7362900,0.0,0.0,0.02895526039288887,1.2492242888183813,74.72695350646973,76.63760451699011,72.81630249594934,74.2984328403924,73.99332636045742,72.30120178570053,72.03233201938465,80.79154205322266
2020-11-02 00:00:00-05:00,76.05807692454366,76.85489041719084,75.42252227152557,76.03910827636719,4217700,0.0,0.0,0.01609847509754858,1.2693348949231769,74.82988700866699,76.79029122220395,72.86948279513003,74.2984328403924,74.23860366325749,72.30120178570053,72.03233201938465,80.39314270019531
2020-11-03 00:00:00-05:00,76.72207825206004,79.1315015411188,76.67465301915874,78.83744049072266,5327800,0.0,0.0,0.03680122344655623,1.3160479720197558,75.11424598693847,77.6028317627535,72.62566021112345,75.40353995998845,75.34371078285355,72.30120178570053,72.03233201938465,80.24136352539062
2020-11-04 00:00:00-05:00,79.06510543595923,81.23738098663999,78.81846960283417,79.54888916015625,5653400,0.0,0.0,0.009024248694594839,1.3279243162132792,75.40634765625,78.47617068960618,72.33652462289383,76.45647968274905,76.45647968274905,72.24224176926018,72.03233201938465,80.32673645019531
2020-11-05 00:00:00-05:00,80.39313923888221,80.39313923888221,78.71413526745576,78.74259185791016,3914000,0.0,0.0,-0.010135871295735788,1.3144646462536635,75.62936096191406,78.97864739794917,72.28007452587894,76.45647968274905,76.45647968274905,72.24224176926018,72.03233201938465,79.86193084716797
2020-11-06 00:00:00-05:00,78.8090062750487,79.25484556651857,78.2113888259802,78.7615737915039,3481300,0.0,0.0,0.00024106310379012896,1.3147815151811117,75.80473976135254,79.41700853845116,72.19247098425392,76.45647968274905,76.45647968274905,72.29412283028779,72.03233201938465,80.39314270019531
2020-11-09 00:00:00-05:00,79.49198785102692,80.2224002802265,77.34816856923564,77.5758285522461,6633800,0.0,0.0,-0.01505486980741011,1.2949876506448708,75.88026504516601,79.5743020273252,72.18622806300682,76.45647968274905,76.45647968274905,72.49223438288675,72.03233201938465,80.6682357788086
2020-11-10 00:00:00-05:00,77.68015887491663,79.4540276199857,77.20586311564266,79.06510162353516,4494500,0.0,0.0,0.019197643120061114,1.3198483614068373,76.0477066040039,79.99459678775796,72.10081642024986,76.45647968274905,76.45647968274905,72.61723428621619,72.67383818950461,81.25635528564453
2020-11-11 00:00:00-05:00,79.68169048625376,80.86742992801348,79.15048153224275,80.56388092041016,3896900,0.0,0.0,0.018956268519218167,1.3448677613503153,76.30895538330078,80.70488442495284,71.91302634164873,77.46198739143657,76.45647968274905,72.65025295844501,72.67383818950461,81.51246643066406
2020-11-12 00:00:00-05:00,80.63028494027093,80.74411853615945,79.88089671765864,80.3741683959961,3705200,0.0,0.0,-0.0023548086592486417,1.3417008551003433,76.56779403686524,81.27362283589065,71.86196523783983,78.32995162908279,76.45647968274905,72.73751848945267,72.68799115757034,80.92434692382812
2020-11-13 00:00:00-05:00,80.42160158691709,81.019218977963,80.33623180944207,80.97178649902344,3742400,0.0,0.0,0.007435449908270719,1.351677004600326,76.82821197509766,81.89390664052434,71.76251730967098,78.95601700289936,76.45647968274905,72.90968546549823,72.85307939366903,80.0611343383789
2020-11-16 00:00:00-05:00,80.99073822009788,81.52195437190491,80.82947940489693,81.51246643066406,3701500,0.0,0.0,0.006677386717250489,1.3607026746768571,77.16754989624023,82.52836381663494,71.80673597584553,79.36390874377378,76.5987663753815,73.22100067487096,72.86723244309789,80.08959197998047
2020-11-17 00:00:00-05:00,81.00024769949533,81.63580242523243,80.89590202963633,80.9623031616211,3406800,0.0,0.0,-0.0067494371491132465,1.3515186974954954,77.45013465881348,82.98455199263759,71.91571732498937,79.42083277043754,76.65569040204527,73.74459018849956,73.25874477021577,80.6682357788086
2020-11-18 00:00:00-05:00,81.2373783214082,81.52195867622979,80.2508422584535,80.26033020019531,4168500,0.0,0.0,-0.008670367986252425,1.3398005330479088,77.68016738891602,83.28055672889343,72.0797780489386,79.42083277043754,76.65569040204527,73.77052997719339,73.27289313832273,81.01922607421875
2020-11-19 00:00:00-05:00,80.62078022246017,81.23736607349342,80.34568785085523,80.99073028564453,4400800,0.0,0.0,0.009100387247689579,1.3519932367333056,77.96901206970215,83.62702129517102,72.31100284423327,79.42083277043754,76.65569040204527,73.77052997719339,73.27289313832273,80.65875244140625
2020-11-20 00:00:00-05:00,81.12355267237457,81.96780587773259,80.7441218117127,80.78206634521484,3719000,0.0,0.0,-0.002576392874761746,1.3485099709914599,78.24505271911622,83.88619392865732,72.60391150957511,79.58683449668763,76.82169212829535,73.94505772943214,73.27289313832273,80.3741683959961
2020-11-23 00:00:00-05:00,80.84846976541853,80.84846976541853,79.6532422562892,80.19393920898438,3046000,0.0,0.0,-0.007280417088084357,1.3386922559552015,78.5225154876709,83.96844935649416,73.07658161884764,80.55914370498766,76.82169212829535,73.94505772943214,73.27289313832273,81.11408233642578
2020-11-24 00:00:00-05:00,80.58285405087192,81.24687251751189,79.79552851799167,80.35519409179688,4223200,0.0,0.0,0.002010811345633856,1.3413841135317883,78.80045280456542,84.01752080216914,73.5833848069617,80.8105240670109,76.82169212829535,74.06062391587031,73.27289313832273,79.99473571777344
2020-11-25 00:00:00-05:00,80.76309286638995,81.07612984922542,80.09908160326624,80.39314270019531,3135700,0.0,0.0,0.0004722608018976615,1.3420175966688976,79.17467231750489,83.6630978170651,74.68624681794468,80.8105240670109,76.82169212829535,74.15260480663893,73.27289313832273,80.17495727539062
2020-11-27 00:00:00-05:00,80.58285614743869,80.68720180580866,79.96627737711776,80.53543090820312,2188300,0.0,0.0,0.0017699047857655525,1.3443928400358236,79.56501808166504,82.95657121933202,76.17346494399807,80.8105240670109,76.82169212829535,74.34363626730256,73.27289313832273,78.02165222167969
2020-11-30 00:00:00-05:00,80.62080258874971,81.2563644967269,79.87141431417002,81.23738861083984,4355900,0.0,0.0,0.008716135180760753,1.3561107497656226,79.88516807556152,82.5551643028297,77.21517184829335,80.8105240670109,76.82169212829535,74.37193972011995,73.27289313832273,77.59479522705078
2020-12-01 00:00:00-05:00,81.35121993371152,81.9013975769511,80.99075048376378,81.82551574707031,3372300,0.0,0.0,0.007239611542018354,1.365928464801881,80.17448844909669,82.31009142810602,78.03888547008735,80.8105240670109,76.82169212829535,74.37193972011995,73.27289313832273,78.11651611328125
2020-12-02 00:00:00-05:00,81.64528950872001,81.93935062767113,80.86744458344565,81.3322525024414,2740100,0.0,0.0,-0.006028232637770636,1.3576943302495024,80.29922904968262,82.39862005793422,78.19983804143102,80.8105240670109,76.82169212829535,74.24245199905415,73.27289313832273,77.91732025146484
2020-12-03 00:00:00-05:00,81.12356904511066,81.32277969549746,80.07063878593301,80.81053924560547,3842100,0.0,0.0,-0.006414592499086047,1.3489852743826323,80.36231155395508,82.4432671253086,78.28135598260157,80.8105240670109,76.82169212829535,74.38631604841954,73.27289313832273,78.0311508178711
2020-12-04 00:00:00-05:00,80.85795583327466,81.27533850414966,80.08011091575881,80.65875244140625,3142600,0.0,0.0,-0.0018783045579969793,1.3464514691930887,80.45811958312989,82.40249167310907,78.5137474931507,80.79629644198016,76.82169212829535,74.04956291211676,73.27289313832273,78.24932098388672
2020-12-07 00:00:00-05:00,80.44057851522614,81.44608339458287,80.39314603567222,81.000244140625,2966800,0.0,0.0,0.004233783549613124,1.3521520532737108,80.57005310058594,82.36097063282297,78.7791355683489,80.8674395728314,77.82719983698286,73.77921392971487,73.27289313832273,77.72760772705078
2020-12-08 00:00:00-05:00,80.12753085095804,81.04766582922423,79.86192637005219,80.79154205322266,2664500,0.0,0.0,-0.002576561214309603,1.3486681507373968,80.73083877563477,81.87103994822994,79.5906376030396,80.90063849886167,78.69516407462908,74.1458796004249,73.53106719971134,77.67068481445312
2020-12-09 00:00:00-05:00,80.78206875229634,80.95280830237388,80.05164912568027,80.39314270019531,2582900,0.0,0.0,-0.004931201248329797,1.3420175966688979,80.79724082946777,81.65995455723498,79.93452710170055,80.90063849886167,79.32122944844566,74.26851825182494,73.53106719971134,76.69363403320312
2020-12-10 00:00:00-05:00,80.52594391287128,80.96229519974307,80.05164809185676,80.24136352539062,2856500,0.0,0.0,-0.0018879617055238551,1.339483918838248,80.7811149597168,81.67256842166358,79.88966149777002,80.90063849886167,79.58683449668763,75.373625371421,74.6361743193074,76.07705688476562
2020-12-11 00:00:00-05:00,79.83347200579229,80.71565524030895,79.82398406344429,80.32673645019531,2610200,0.0,0.0,0.0010639515712824732,1.3409090648584034,80.77874336242675,81.6748052157244,79.8826815091291,80.8816673455577,79.58683449668763,76.45647968274905,75.689114042068,75.20433807373047
2020-12-14 00:00:00-05:00,80.70617681045314,81.05715107824916,79.81449837127028,79.86193084716797,2684400,0.0,0.0,-0.005786437039123737,1.33314997897941,80.72325057983399,81.69941084757798,79.74709031209,80.8769244994707,79.58683449668763,76.45647968274905,75.689114042068,74.58433532714844
2020-12-15 00:00:00-05:00,80.16548272957861,80.69669174007758,79.88090233842274,80.39314270019531,2555800,0.0,0.0,0.006651627970827967,1.342017596668898,80.66728439331055,81.58178951367428,79.75277927294682,80.63029088292657,79.58683449668763,76.45647968274905,75.689114042068,74.98494720458984
2020-12-16 00:00:00-05:00,80.76309349754185,81.35122293317613,80.2887976666955,80.6682357788086,2862000,0.0,0.0,0.003421847552833812,1.3466097762979194,80.65258102416992,81.5569304020071,79.74823164633274,80.63029088292657,79.58683449668763,76.45647968274905,75.689114042068,75.11849212646484
2020-12-17 00:00:00-05:00,81.1045771644732,81.62630540952568,80.95279904330188,81.25635528564453,3086500,0.0,0.0,0.007290595872811112,1.3564273639752842,80.70238227844239,81.62456249210402,79.78020206478075,80.72040189039798,80.55914370498766,76.45647968274905,75.689114042068,74.43170166015625
2020-12-18 00:00:00-05:00,81.25634991459073,81.7685829467374,80.59233153412661,81.51246643066406,6089800,0.0,0.0,0.0031518906320522344,1.3607026746768571,80.72846908569336,81.71006858760474,79.74686958378199,80.79154065900383,80.8105240670109,76.95923353709281,75.689114042068,75.50005340576172
2020-12-21 00:00:00-05:00,80.67771831907368,81.09509370098557,80.03267574283215,80.92434692382812,2757900,0.0,0.0,-0.007215086631395251,1.3508850869994924,80.73558311462402,81.72072764056423,79.7504385886838,80.79154065900383,80.8105240670109,77.39321565591592,75.689114042068,74.40308380126953
2020-12-22 00:00:00-05:00,80.82000329361554,81.02869460838903,79.9378127957329,80.0611343383789,2341500,0.0,0.0,-0.010666908270038133,1.3364753196931063,80.72894287109375,81.73043458236283,79.72745115982467,80.79154065900383,80.8105240670109,77.70624834282421,75.689114042068,74.89910125732422
2020-12-23 00:00:00-05:00,80.24136287814737,80.59234438825179,79.87141271971453,80.08959197998047,2690400,0.0,0.0,0.0003554488933579236,1.3369503683664914,80.71566276550293,81.74361116363242,79.68771436737343,80.79154065900383,80.8105240670109,77.98133755957764,75.83140073470045,75.21388244628906
2020-12-24 00:00:00-05:00,80.26982901782087,80.72514896261254,80.14650747000559,80.6682357788086,733200,0.0,0.0,0.0072249562586454985,1.3466097762979192,80.72941741943359,81.74693207067638,79.7119027681908,80.79154065900383,80.8105240670109,78.0382615862414,75.88832476136422,75.24249267578125
2020-12-28 00:00:00-05:00,80.8959045130465,81.27534266625656,80.61133132602457,81.01922607421875,1225800,0.0,0.0,0.004351034729116465,1.3524689222011592,80.75360717773438,81.77455919567008,79.73265515979868,80.81999783322595,80.8105240670109,78.0382615862414,75.88832476136422,75.29019165039062
2020-12-29 00:00:00-05:00,81.41762870896436,81.77809095560521,80.5544067736875,80.65875244140625,2390900,0.0,0.0,-0.004449235697244092,1.3464514691930887,80.7246753692627,81.72139801142407,79.72795272710133,80.82475183765987,80.8105240670109,78.0382615862414,75.88832476136422,76.18685150146484
2020-12-30 00:00:00-05:00,80.80103171551397,80.95280260618587,80.20342162075305,80.3741683959961,2158000,0.0,0.0,-0.0035282475465621133,1.341700855100343,80.65210800170898,81.51927472921558,79.78494127420238,80.82475183765987,80.79629644198016,78.20426331249149,76.0543264876143,76.02468872070312
2020-12-31 00:00:00-05:00,80.59235398054885,81.19945211983436,80.1844592397307,81.11408233642578,1893100,0.0,0.0,0.009205867447165339,1.3540523753261453,80.64119949340821,81.47852626611134,79.80387272070507,80.82475183765987,80.8674395728314,78.69041791664151,76.0543264876143,75.07079315185547
2021-01-04 00:00:00-05:00,80.42159906612905,81.1614993964414,79.23585950160796,79.99473571777344,3506000,0.0,0.0,-0.013799658288801031,1.335366915241505,80.6004093170166,81.479663565558,79.7211550684752,80.50697522860659,80.58760506463955,78.81610809765313,76.0543264876143,75.4618911743164
2021-01-05 00:00:00-05:00,79.99472979620703,80.45953764468176,79.08408274652659,80.17495727539062,2559300,0.0,0.0,0.002252917720148684,1.338375387027753,80.57621955871582,81.47434638679145,79.67809273064019,80.4310868510659,80.51171668709887,78.81610809765313,76.0543264876143,74.7941665649414
2021-01-06 00:00:00-05:00,79.83346549179801,80.43107554172859,77.66119005084235,78.02165222167969,9053900,0.0,0.0,-0.026857576566141628,1.3024298675964157,80.42728996276855,81.84151709246152,79.0130628330756,79.71964050322379,79.80027033925674,78.81610809765313,76.0543264876143,74.8132553100586
2021-01-07 00:00:00-05:00,77.69914088128847,78.30623892202797,76.96872130162468,77.59479522705078,5061000,0.0,0.0,-0.005471006861224814,1.2953042648545317,80.26745262145997,82.13616148442107,78.39874375849887,79.37340612861495,79.45403596464791,78.81610809765313,76.0543264876143,74.58433532714844
2021-01-08 00:00:00-05:00,77.8698802730788,78.3631519534837,77.61376372773051,78.11651611328125,5569300,0.0,0.0,0.006723658264756738,1.3040134480802954,80.15362129211425,82.24453405167192,78.06270853255658,79.37340612861495,79.45403596464791,78.81610809765313,76.0543264876143,74.82279968261719
2021-01-11 00:00:00-05:00,78.11652363640464,78.79002286277637,77.87937571568867,77.91732025146484,4430800,0.0,0.0,-0.0025499839435688676,1.3006882347254927,80.03741912841797,82.34543009750335,77.72940815933258,79.37340612861495,79.37340612861495,78.81610809765313,76.0543264876143,75.08987426757812
2021-01-12 00:00:00-05:00,77.6706813606352,78.49595869795009,77.64222476920709,78.0311508178711,4359800,0.0,0.0,0.0014609148009567807,1.3025884294190335,79.92263984680176,82.38648883119815,77.45879086240537,79.08408671072952,79.37340612861495,78.81610809765313,76.34205458634509,73.63996887207031
2021-01-13 00:00:00-05:00,78.0216610206926,78.66670361405907,78.0216610206926,78.24932098388672,4069400,0.0,0.0,0.002795936798687615,1.3062303843423908,79.84200935363769,82.41293264298447,77.27108606429091,79.08408671072952,79.37340612861495,78.80899428513776,76.34205458634509,73.70674133300781
2021-01-14 00:00:00-05:00,78.5149333531209,78.5244212967161,77.42405866662868,77.72760772705078,3732500,0.0,0.0,-0.0066673199240075975,1.2975213284755207,79.70873260498047,82.42540900227662,76.99205620768431,79.06511034903303,79.37340612861495,79.34731970490714,76.34205458634509,73.91659545898438
2021-01-15 00:00:00-05:00,77.72760523702037,78.20190108105943,77.49045731500084,77.67068481445312,6359600,0.0,0.0,-0.0007323384092502438,1.2965711037698566,79.5588550567627,82.37721821960795,76.74049189391744,78.71412947315322,79.37340612861495,79.79790128674537,76.51658564836038,73.10578918457031
2021-01-19 00:00:00-05:00,78.30624419266742,78.30624419266742,76.58928837194215,76.69363403320312,4004300,0.0,0.0,-0.012579402171927101,1.2802610144110362,79.33071899414062,82.29887835220782,76.36255963607343,78.51018195683537,79.18368966377368,80.11093397365366,76.76186295116045,73.15349578857422
2021-01-20 00:00:00-05:00,75.41304554215982,76.3142048267221,74.84389192890045,76.07705688476562,6897200,0.0,0.0,-0.00803948275772881,1.2699683780602864,79.0589485168457,82.17171489413197,75.94618213955944,76.81695739583841,78.31099144225283,80.24373649777465,76.76186295116045,71.73219299316406
2021-01-21 00:00:00-05:00,76.05807192919497,76.29521982031403,74.7110736445617,75.20433807373047,5772000,0.0,0.0,-0.011471511212073682,1.2553999215723888,78.77294807434082,82.18749376796144,75.3584023807202,76.75054825366902,78.24458230008345,80.23425092112267,76.82169212829535,72.11375427246094
2021-01-22 00:00:00-05:00,75.14712447324163,75.28066790714752,74.307707563323,74.58433532714844,4816300,0.44,0.0,-0.008244241787942919,1.2450501010783814,78.4991081237793,82.31587060067407,74.68234564688451,76.54886521304968,78.04289925946411,80.23187949807917,76.82169212829535,71.94206237792969
2021-01-25 00:00:00-05:00,74.60339151107881,75.45234910841684,74.5461607042015,74.98494720458984,7750400,0.0,0.0,0.005371260274482648,1.2517375892260443,78.24387588500977,82.27992429716377,74.20782747285577,76.48720558869104,78.04289925946411,80.1085626898071,76.82169212829535,71.1694107055664
2021-01-26 00:00:00-05:00,75.23296102010646,75.44280974209487,74.3363062138381,75.11849212646484,5788400,0.0,0.0,0.0017809564032982284,1.2539668793008254,77.96638870239258,82.06088954982198,73.87188785496318,76.48720558869104,78.04289925946411,80.1085626898071,76.82169212829535,71.00725555419922
2021-01-27 00:00:00-05:00,74.92772631061528,75.34743107919157,74.25046104430731,74.43170166015625,6289700,0.0,0.0,-0.009142761613909367,1.24250215905164,77.63701248168945,81.75623824157186,73.51778672180704,76.3874411705117,78.01427599995625,80.63977279769281,76.82169212829535,72.55254364013672
2021-01-28 00:00:00-05:00,74.44123971345155,76.14869596251415,74.4316988188841,75.50005340576172,8037900,0.0,0.0,0.014353450502628595,1.260336352290997,77.37907752990722,81.35099503375518,73.40716002605926,76.27835261848736,78.01427599995625,80.80103236300737,76.82169212829535,72.924560546875
2021-01-29 00:00:00-05:00,75.27112327218474,76.50162940771312,74.25045859767422,74.40308380126953,7405100,0.0,0.0,-0.01452938845747187,1.242024435841488,77.0805233001709,81.00386768919064,73.15717891115115,76.27835139517083,78.01427477663972,80.80103236300737,76.82169212829535,71.48419189453125
2021-02-01 00:00:00-05:00,75.01357016017278,76.02468666383912,74.70832703014689,74.89910125732422,6514500,0.0,0.0,0.006666624966507495,1.2503045469544813,76.76977424621582,80.32993442093938,73.20961407149225,75.37604400269367,78.01427477663972,80.80103236300737,76.82169212829535,72.30451965332031
2021-02-02 00:00:00-05:00,75.21388244628906,76.07238099136073,74.93725473301207,75.21388244628906,5018800,0.0,0.0,0.004202736530620976,1.2555592475483686,76.53073158264161,79.82167159785908,73.23979156742413,75.37604400269367,78.01427477663972,80.80103236300737,76.82169212829535,71.79898071289062
2021-02-03 00:00:00-05:00,75.35696156644009,75.74805815134738,74.90863417498814,75.24249267578125,3863600,0.0,0.0,0.00038038495769199265,1.256036843399627,76.28410835266114,79.15372904870708,73.4144876566152,75.37604400269367,78.01427477663972,80.80103236300737,76.82169212829535,72.02790832519531
2021-02-04 00:00:00-05:00,75.13756645922881,75.62405015909499,74.83232335447485,75.29019165039062,3869600,0.0,0.0,0.0006339366614940278,1.2568330912028451,76.14753532409668,78.93116829389213,73.36390235430123,75.37604400269367,78.01427477663972,80.81526095011843,76.82169212829535,72.19007110595703
2021-02-05 00:00:00-05:00,75.50959354535178,76.37762572548507,75.46189635056164,76.18685150146484,3579200,0.0,0.0,0.011909384627918795,1.271801199899076,76.07713813781739,78.77998603395173,73.37429024168304,75.37604400269367,77.7249553587543,80.81763795233539,76.82169212829535,72.36176300048828
2021-02-08 00:00:00-05:00,76.31085734678175,76.4348598700449,75.61451757136136,76.02468872070312,3828700,0.0,0.0,-0.00212848775826624,1.2690941866141425,75.97254676818848,78.50647412522224,73.43861941115472,75.37604400269367,77.7249553587543,80.81052413982002,76.82169212829535,72.30451965332031
2021-02-09 00:00:00-05:00,75.96744793682905,75.98652972410099,74.74647554392772,75.07079315185547,3682200,0.0,0.0,-0.012547181512995609,1.2531706314976074,75.83022041320801,78.225752979223,73.43468784719302,75.37604400269367,77.70597899705781,80.84609570524563,76.82169212829535,72.56208801269531
2021-02-10 00:00:00-05:00,75.35696317503168,75.80529057605378,74.66062347773935,75.4618911743164,4882700,0.0,0.0,0.005209722796851501,1.2596993031048653,75.70175743103027,77.87427855962939,73.52923630243116,75.37604400269367,77.354998121178,80.54729014662307,76.82169212829535,71.52235412597656
2021-02-11 00:00:00-05:00,75.59542690260024,75.64312408927614,74.73692848541656,74.7941665649414,3106000,0.0,0.0,-0.008848500865590081,1.2485528527309586,75.52899971008301,77.38735438772979,73.67064503243624,75.54774167389212,77.3407670697014,80.47140176908238,76.82169212829535,72.27590942382812
2021-02-12 00:00:00-05:00,74.71786819612352,74.88002701757017,74.19322815312516,74.8132553100586,2732400,0.0,0.0,0.00025521703087116876,1.2488715046829184,75.3832820892334,76.96247123685545,73.80409294161136,75.31404401158503,76.49162550795077,79.75995542124026,76.82169212829535,74.16461181640625
2021-02-16 00:00:00-05:00,74.45079189324255,74.61295073761808,73.51598057833,74.58433532714844,5147600,0.0,0.0,-0.003059885336648027,1.2450501010783817,75.22896461486816,76.44086509031463,74.01706413942169,74.97542022418745,76.15300172055319,79.41372104663142,76.82169212829535,74.18368530273438
2021-02-17 00:00:00-05:00,74.30770051034072,75.28066076181585,74.26954420747906,74.82279968261719,3145000,0.0,0.0,0.0031972444940719935,1.2490308306588982,75.13542289733887,76.1517527132178,74.11909308145994,74.97542022418745,76.15300172055319,79.41372104663142,76.82169212829535,74.29814910888672
2021-02-18 00:00:00-05:00,74.72739308834828,75.2234176670093,74.4889216925684,75.08987426757812,2565600,0.0,0.0,0.003569427849449802,1.2534891560906736,75.0860637664795,76.00487687490411,74.16725065805488,74.97542022418745,76.09134209619454,79.37340612861495,76.82169212829535,75.56681823730469
2021-02-19 00:00:00-05:00,74.99449201872292,75.1184945326294,73.55412265726657,73.63996887207031,4540200,0.0,0.0,-0.019308933589916033,1.2292856172200388,75.00784530639649,76.12115811658275,73.89453249621023,74.97542022418745,76.09134209619454,79.22874641967223,76.82169212829535,76.21546936035156
2021-02-22 00:00:00-05:00,73.65905141681709,73.86890742525225,73.33472650989823,73.70674133300781,2573400,0.0,0.0,0.0009067421124728803,1.2304002622574295,74.96396560668946,76.2040040533668,73.72392716001211,74.66062811699962,75.92957390330716,79.22874641967223,76.82169212829535,75.67174530029297
2021-02-23 00:00:00-05:00,74.21230495314389,74.82279117436958,73.44919353782684,73.91659545898438,4131400,0.0,0.0,0.0028471496932476192,1.2339033959866874,74.91054801940918,76.23261696547006,73.5884790733483,74.57000854297601,75.82048535128283,79.21925823882398,77.82719983698286,75.1948013305664
2021-02-24 00:00:00-05:00,73.53503477817526,74.05967475042073,73.0962482911924,73.10578918457031,4083400,0.0,0.0,-0.01096920480954744,1.2203684569209132,74.80991287231446,76.3450782091385,73.2747475354904,74.36968619023426,75.70124624192991,79.04376780088408,78.69516407462908,74.92772674560547
2021-02-25 00:00:00-05:00,73.06764229226249,73.61135684366926,72.76239916300906,73.15349578857422,4178100,0.0,0.0,0.0006525694412991001,1.221164832083025,74.74600257873536,76.43894218883361,73.05306296863711,74.02152996241246,74.6320142853611,78.84693581030453,79.27854712483736,75.86253356933594
2021-02-26 00:00:00-05:00,73.12487234982041,73.12487234982041,71.68450308051413,71.73219299316406,5421200,0.0,0.0,-0.01942904819638369,1.1974387617047553,74.55760955810547,76.66570251613123,72.4495166000797,73.48258192116499,74.09306624411363,77.56397441904562,78.40584890331652,76.17731475830078
2021-03-01 00:00:00-05:00,71.96113635155295,72.8387094100914,71.85620834699183,72.11375427246094,3872400,0.0,0.0,0.0053192473752090574,1.2038082346949268,74.44314308166504,76.80826594361693,72.07802021971315,73.48258192116499,74.09306624411363,77.49756527687623,78.33943976114713,75.94837951660156
2021-03-02 00:00:00-05:00,72.1519184098483,72.54301506525499,71.78944444044302,71.94206237792969,4977000,0.0,0.0,-0.002380848095670629,1.2009421501518007,74.29529113769532,76.8891589714592,71.70142330393143,73.45396037376172,74.09306624411363,77.29588223625689,78.13775672052779,75.96745300292969
2021-03-03 00:00:00-05:00,71.63681264801627,71.79897146594804,70.75923957472301,71.1694107055664,5705600,0.0,0.0,-0.010739915521247423,1.1880441329132652,74.09306755065919,76.9857811390947,71.20035396222367,72.9388670536762,73.63043449121807,77.26505242407757,78.13775672052779,76.10100555419922
2021-03-04 00:00:00-05:00,71.46511662583362,72.43808413880514,70.84508945032361,71.00725555419922,6337500,0.0,0.0,-0.0022784388652314913,1.1853372469872254,73.88130569458008,77.01891998357128,70.74369140558888,72.7910153745463,73.63043449121807,77.26505242407757,78.13775672052779,76.4634780883789
2021-03-05 00:00:00-05:00,71.16941229327645,72.72424335635671,71.1312559921642,72.55254364013672,10241200,0.0,0.0,0.021762397009668977,1.2111330267465095,73.74442329406739,76.86283720418288,70.6260093839519,72.7910153745463,73.63043449121807,77.20085858523399,78.10913346101995,76.05331420898438
2021-03-08 00:00:00-05:00,72.26638434734365,73.69721293055953,71.90390311528382,72.924560546875,4676200,0.0,0.0,0.005127551538144592,1.2173431737607012,73.5813087463379,76.5047774378626,70.65784005481319,72.40945716257187,73.63043449121807,77.14631430922181,78.10913346101995,75.73851776123047
2021-03-09 00:00:00-05:00,73.19164805637205,73.77351159899926,71.39833840295027,71.48419189453125,7085400,0.0,0.0,-0.019751488957110652,1.1932988335071526,73.35428390502929,76.18630924523589,70.52225856482269,72.26637558686113,73.59704972238396,77.14631308590528,78.1091322377034,76.74964904785156
2021-03-10 00:00:00-05:00,71.81803603857519,72.81007777483833,70.72106632114017,72.30451965332031,7028500,0.0,0.0,0.011475652686951943,1.2069927164722256,73.21597023010254,75.96734971131683,70.46459074888826,72.24728896006971,73.57796309559254,76.6951593896667,78.1091322377034,76.97856903076172
2021-03-11 00:00:00-05:00,72.08514936291874,72.3617771172603,71.64636276976108,71.79898071289062,4842600,0.0,0.0,-0.00699180276493927,1.1985536614599335,73.03282470703125,75.64444161972452,70.42120779433799,72.24728896006971,73.57796309559254,76.6951593896667,78.1091322377034,76.66378784179688
2021-03-12 00:00:00-05:00,72.37130774548184,72.73378167686428,71.91343942590979,72.02790832519531,3141700,0.0,0.0,0.0031884521205129968,1.202375192423364,72.89451179504394,75.40849435148091,70.38052923860697,72.24728896006971,73.57796309559254,76.6951593896667,78.1091322377034,78.0163345336914
2021-03-15 00:00:00-04:00,72.53347054510436,72.60978314881943,71.45558230851829,72.19007110595703,4860300,0.0,0.0,0.0022513881706738292,1.2050822057082977,72.76335258483887,75.13115786083603,70.39554730884171,72.24728896006971,73.57796309559254,76.6951593896667,78.1091322377034,77.84368133544922
2021-03-16 00:00:00-04:00,72.352222106663,72.86732120968232,72.0183635984754,72.36176300048828,4268600,0.0,0.0,0.0023783311458336343,1.2079482902514236,72.65222396850587,74.87004155217478,70.43440638483695,72.24728896006971,73.57796309559254,76.55049968072399,78.1091322377034,77.74775695800781
2021-03-17 00:00:00-04:00,72.63837810360877,72.8959239716689,71.92296401974704,72.30451965332031,3914900,0.0,0.0,-0.000791071759370765,1.2069927164722254,72.52630996704102,74.5078377437896,70.54478219029244,72.24728896006971,73.35379802262058,76.55049968072399,78.09490461267268,76.5390853881836
2021-03-18 00:00:00-04:00,72.1709986432979,72.69563143420376,71.22664652004016,72.56208801269531,3366700,0.0,0.0,0.0035622719106629397,1.2112923527224893,72.39992065429688,73.99157177976628,70.80826952882748,72.24728896006971,73.26317844859697,76.54101149987574,78.09490461267268,76.04986572265625
2021-03-19 00:00:00-04:00,72.59070146932784,72.97225721091205,71.39834432535868,71.52235412597656,11878800,0.0,0.0,-0.01432888599535398,1.1939358826932847,72.29403991699219,73.8213969559464,70.76668287803798,72.24728896006971,73.18209520520816,76.36552106193584,78.09490461267268,75.35918426513672
2021-03-22 00:00:00-04:00,71.52234619664547,72.42853461456919,71.38879551596222,72.27590942382812,8160500,0.0,0.0,0.010535940924487397,1.2065151206209668,72.22249832153321,73.60404615571845,70.84095048734797,71.8466617660261,73.00086354147801,76.44425437179676,78.09490461267268,75.5606460571289
2021-03-23 00:00:00-04:00,72.68608609746266,74.70832636434332,72.32361215802801,74.16461181640625,6060800,0.0,0.0,0.026131838501024074,1.2380435789020774,72.23489913940429,73.68071899697422,70.78907928183436,72.96748644219174,73.00086354147801,75.9028347597679,78.06628939039814,76.56785583496094
2021-03-24 00:00:00-04:00,73.35380942805017,74.6510945205633,73.35380942805017,74.18368530273438,4255400,0.0,0.0,0.0002571777275035547,1.2383619761362499,72.2887939453125,73.92988120131623,70.64770668930878,72.96748644219174,73.00086354147801,75.56421097237032,77.72766560300056,77.41200256347656
2021-03-25 00:00:00-04:00,74.68924569973662,74.91817620696337,73.89751890184752,74.29814910888672,4769500,0.0,0.0,0.0015429781586777658,1.240272741617965,72.34602661132813,74.17498378441293,70.51706943824333,73.07241136350177,72.97224199407474,75.56421097237032,77.72766560300056,77.76692962646484
2021-03-26 00:00:00-04:00,74.20276154107394,75.6049745345327,73.94520835417725,75.56681823730469,4170300,0.0,0.0,0.01707537998771258,1.261450869969494,72.53775787353516,74.82197765678892,70.2535380902814,73.41581052728642,73.16302042783644,75.533381160191,77.6470357669676,77.78611755371094
2021-03-29 00:00:00-04:00,75.46189877934822,76.28224106866475,75.46189877934822,76.21546936035156,3811800,0.0,0.0,0.00858380884861254,1.2722789231092282,72.74284362792969,75.52599909329753,69.95968816256185,73.75444379435245,73.50165369490246,75.533381160191,77.6470357669676,78.00675201416016
2021-03-30 00:00:00-04:00,75.80528870015617,76.06283460630107,75.36650220381,75.67174530029297,4841700,0.0,0.0,-0.0071340380715604335,1.263202436834123,72.92932777404785,75.96415023362603,69.89450531446967,73.75444379435245,73.50165369490246,75.29510101015339,77.55640873275172,78.95640563964844
2021-03-31 00:00:00-04:00,76.07237430952674,76.13914600841352,74.98494534047386,75.1948013305664,4493200,0.0,0.0,-0.006302801234911115,1.2552407229553022,73.13059730529785,76.20595158779636,70.05524302279935,73.83551829231348,73.50165369490246,75.19524694712942,77.55640873275172,78.83171844482422
2021-04-01 00:00:00-04:00,74.90864495563139,75.41420322638656,74.00245642626687,74.92772674560547,4881300,0.0,0.0,-0.0035517692744055918,1.2507823975235268,73.32662086486816,76.33391850130063,70.31932322843569,73.83551829231348,73.50165369490246,75.03546621608209,77.4371696233988,79.94444274902344
2021-04-05 00:00:00-04:00,75.09942932545472,76.22501481693253,74.98496041396567,75.86253356933594,4026900,0.0,0.0,0.01247611350741118,1.2663873006881023,73.49212036132812,76.67208563526899,70.31215508738725,74.30292661334639,73.50165369490246,74.32677212388677,77.27024505930714,79.08112335205078
2021-04-06 00:00:00-04:00,75.59544388248861,76.44440159751217,75.55728758009118,76.17731475830078,3814800,0.0,0.0,0.004149362987951655,1.2716420012819896,73.65475807189941,77.0308396971728,70.27867644662602,74.89910551278118,73.58273395932616,73.7878240826393,76.73129701805968,78.70700073242188
2021-04-07 00:00:00-04:00,76.53025035636774,76.62563746766693,75.79575431646678,75.94837951660156,5027800,0.0,0.0,-0.0030052941932331434,1.2678203429596655,73.87796745300292,77.24063408248561,70.51530082352023,75.26157818475723,73.67335189440355,73.7878240826393,76.73129701805968,79.8676986694336
2021-04-08 00:00:00-04:00,76.02468381342305,76.16776811722649,75.53820736908939,75.96745300292969,3773000,0.0,0.0,0.0002511375022025142,1.268138740193838,74.0611141204834,77.46024168248022,70.66198655848657,75.2854229109221,73.67335189440355,73.77351330893768,76.73129701805968,80.15547943115234
2021-04-09 00:00:00-04:00,75.99607753731009,76.47302042223494,75.51913465238523,76.10100555419922,3509000,0.0,0.0,0.0017580232848450894,1.2703681576275128,74.27621536254883,77.61891733800466,70.93351338709299,75.3140469469669,73.67335189440355,73.28465077244714,76.26866526516412,80.14588928222656
2021-04-12 00:00:00-04:00,76.12007866817116,76.74963942017202,75.94837895806728,76.4634780883789,3510400,0.0,0.0,0.0047630452651710176,1.2764189786657245,74.49799385070801,77.80253826612753,71.1934494352885,75.37604792321945,73.7353528706561,73.21072493288219,76.26866526516412,79.72381591796875
2021-04-13 00:00:00-04:00,75.83391728389356,76.14870132867009,75.47144331805953,76.05331420898438,4442500,0.0,0.0,-0.005364180255055251,1.269572037183188,74.69115600585937,77.88196631122301,71.50034570049573,75.37604792321945,73.7353528706561,73.21072493288219,76.26866526516412,79.81974792480469
2021-04-14 00:00:00-04:00,76.11053256138295,76.12960707116815,75.3569620674006,75.73851776123047,4129600,0.0,0.0,-0.004139154894537422,1.2643170818715133,74.85999374389648,77.89161013121407,71.8283773565789,75.37604792321945,73.7353528706561,73.01994582689497,76.26866526516412,80.66388702392578
2021-04-15 00:00:00-04:00,76.09146553029407,77.03581769311245,75.90069128516744,76.74964904785156,4010400,0.0,0.0,0.013350291456834862,1.281196083408353,75.08225021362304,77.97923707027047,72.18526335697561,76.01038905353906,73.87844200712631,72.93171265462254,76.26866526516412,80.79818725585938
2021-04-16 00:00:00-04:00,77.15026873883505,77.22658133743876,76.59702059288317,76.97856903076172,8134800,0.0,0.0,0.002982684425923976,1.2850174870128899,75.30307426452637,78.06681693891952,72.53933159013323,76.29177170241968,74.22661392873945,72.91262602783112,76.2495786383727,80.96125793457031
2021-04-19 00:00:00-04:00,76.76871583938636,76.86410294331237,76.03421985625995,76.66378784179688,4021200,0.0,0.0,-0.00408920551431724,1.2797627864190027,75.56014595031738,77.76362808957342,73.35666381106134,76.29177170241968,74.22661392873945,72.91262602783112,76.2495786383727,81.14351654052734
2021-04-20 00:00:00-04:00,76.67337394188502,78.54392122860168,76.56785513919368,78.0163345336914,4307300,0.45,0.0,0.017642575849312836,1.3023410984475279,75.84716720581055,77.7342614097601,73.960073001861,76.95044164800115,74.88528387432092,72.91262602783112,76.2495786383727,80.99004364013672
2021-04-21 00:00:00-04:00,78.40005196837151,78.70701381437215,77.51753025739048,77.84368133544922,3755200,0.0,0.0,-0.0022130390933404742,1.2994589666837995,76.0311206817627,77.94366648183603,74.11857488168937,77.03198794088638,74.96683016720615,72.91262602783112,76.2495786383727,80.28018951416016
2021-04-22 00:00:00-04:00,77.63264352155804,78.3041202711459,77.43120049668168,77.74775695800781,4036400,0.0,0.0,-0.0012322692837205551,1.2978576833136997,76.20932426452637,78.0627423529592,74.35590617609354,77.03198794088638,74.96683016720615,72.91262602783112,75.96025922048727,80.36652374267578
2021-04-23 00:00:00-04:00,77.13382711793729,77.34485742344948,76.24171818258029,76.5390853881836,3908400,0.0,0.0,-0.015546063540804567,1.2776811053019834,76.32137107849121,77.95473023205471,74.68801192492771,77.03198794088638,74.96683016720615,72.80054349134514,75.96025922048727,79.11949157714844
2021-04-26 00:00:00-04:00,76.5007175172364,76.63501286219038,75.75249850433634,76.04986572265625,3920000,0.0,0.0,-0.006391762627501629,1.2695144709632493,76.34552345275878,77.9471760636485,74.74387084186907,77.03198794088638,75.04790466516718,72.75523370433334,75.94128285879079,79.50318145751953
2021-04-27 00:00:00-04:00,75.74288830831163,75.90596014813356,75.21530165267379,75.35918426513672,4148900,0.0,0.0,-0.009081954990405317,1.257984797678293,76.30270919799804,77.96137184910884,74.64404654688724,76.96115773352297,75.04790466516718,72.71469208263893,75.59030198291097,80.52959442138672
2021-04-28 00:00:00-04:00,75.83883137474037,76.04027440089742,75.37839226310933,75.5606460571289,3353300,0.0,0.0,0.002673354203031053,1.2613478366245154,76.29715423583984,77.96505094990033,74.62925752177935,76.96115773352297,75.51531298620009,72.42376265375205,75.57607093143437,80.54878234863281
2021-04-29 00:00:00-04:00,75.8484134383714,76.96115452466555,75.80044768451349,76.56785583496094,4828400,0.0,0.0,0.013329819560707667,1.2781613756900092,76.36580696105958,77.95701392233784,74.77459999978132,76.96115773352297,76.03041162121116,72.98417499183488,74.75554459195827,80.48163604736328
2021-04-30 00:00:00-04:00,76.36641641113647,77.85326702766163,76.36641641113647,77.41200256347656,7252300,0.0,0.0,0.01102481869591787,1.2922528731211165,76.49002075195312,77.99757050075164,74.98247100315461,76.96115773352297,76.30226635810983,72.98417499183488,74.75554459195827,79.5511474609375
2021-05-03 00:00:00-04:00,77.546297395802,77.93959610133892,76.92278648182874,77.76692962646484,3709100,0.0,0.0,0.0045849099782329095,1.2981777362134896,76.58524055480957,78.16197802111458,75.00850308850457,76.96115773352297,76.3261110842747,73.02232667878826,74.75554459195827,79.19622802734375
2021-05-04 00:00:00-04:00,77.89163636976973,78.65904461046148,77.55589800892236,77.78611755371094,4129500,0.0,0.0,0.0002467363355895813,1.298498043831067,76.66568069458008,78.31427669325271,75.01708469590744,76.93717313156763,76.3547351203195,73.28941547756143,74.69388496759962,80.19386291503906
2021-05-05 00:00:00-04:00,77.65182441202664,78.22738426814534,77.24893836758162,78.00675201416016,3093300,0.0,0.0,0.002836424639613533,1.3021811356770794,76.768599319458,78.48167766067233,75.05552097824368,76.93717313156763,76.3547351203195,73.62804874462745,74.69388496759962,80.22262573242188
2021-05-06 00:00:00-04:00,78.30411088174465,79.04274253627008,78.05470944383056,78.95640563964844,3850100,0.0,0.0,0.012173992647660725,1.3180338792487347,76.91804695129395,78.83698620138352,74.99910770120437,77.12902209447194,76.52259948126849,73.62804874462745,74.62274380892813,80.0115966796875
2021-05-07 00:00:00-04:00,78.87008959228926,79.1770514534615,78.52475658365198,78.83171844482422,2263700,0.0,0.0,-0.0015791903622522918,1.315952452849503,77.0545825958252,79.10699983910315,75.00216535254724,77.19617655306764,76.58975393986418,73.66858599360796,74.5136552569038,79.8772964477539
2021-05-10 00:00:00-04:00,79.2825606615519,80.5104079572902,79.08111765070862,79.94444274902344,4206000,0.0,0.0,0.014115185183715573,1.3345273654144385,77.22863082885742,79.61773447672181,74.83952718099303,77.94440011019977,77.74768418562793,73.66858599360796,74.5136552569038,78.61106872558594
2021-05-11 00:00:00-04:00,80.16508077003532,80.22263382912634,78.84130918110793,79.08112335205078,5119300,0.0,0.0,-0.010798991991012419,1.320115815083541,77.38002128601075,79.83556550886105,74.92447706316044,78.15542782090185,77.86285480498199,73.90229015412442,73.61134786442665,79.07151794433594
2021-05-12 00:00:00-04:00,79.14825785529686,79.46480694616498,78.59188731484934,78.70700073242188,4075100,0.0,0.0,-0.004730871335291931,1.3138705170146967,77.52844543457032,79.92674436337923,75.1301465057614,78.43841218421333,77.86285480498199,74.24091973605367,73.61134786442665,77.71897888183594
2021-05-13 00:00:00-04:00,78.42881391168244,80.34732692201732,78.13143941846903,79.8676986694336,4300200,0.0,0.0,0.01474707365559147,1.3332462623030226,77.68434791564941,80.26064769037502,75.1080481409238,78.71659721955947,77.86285480498199,74.46746503958039,73.67335189440355,78.12185668945312
2021-05-14 00:00:00-04:00,80.0883317616621,80.5871492937728,79.96363103790796,80.15547943115234,4146500,0.0,0.0,0.003603218403848807,1.3380502397722154,77.84319343566895,80.61253285861848,75.07385401271942,78.9180438306772,77.90122547322329,74.47938740266282,73.67335189440355,77.97795867919922
2021-05-17 00:00:00-04:00,80.37610880963614,80.83654786445527,79.98281010337075,80.14588928222656,3522100,0.0,0.0,-0.00011964433366051797,1.3378901496428734,78.01729850769043,80.90477304702503,75.12982396835582,79.04274311601844,78.02592475856453,74.49369942068523,73.67335189440355,76.98033905029297
2021-05-18 00:00:00-04:00,79.77178167497033,80.46244027338278,79.38807757459875,79.72381591796875,3024200,0.0,0.0,-0.005266313319844951,1.33084440092732,78.1026725769043,81.08543161077883,75.11991354302977,79.44562865414292,78.02592475856453,74.55570039693777,73.7353528706561,77.27771759033203
2021-05-19 00:00:00-04:00,79.4264564893818,79.86771368650032,79.08112349710684,79.81974792480469,4078400,0.0,0.0,0.001203304253958981,1.3324458116563134,78.20147590637207,81.27392416638857,75.12902764635557,79.48399364146215,78.02592475856453,74.55570039693777,73.7353528706561,78.14104461669922
2021-05-20 00:00:00-04:00,79.86770957798788,81.22985224491977,79.78137267508659,80.66388702392578,3966900,0.0,0.0,0.010575567087938165,1.346537181728527,78.34728240966797,81.59355963508445,75.10100518425149,79.68064583169439,78.22257694879679,74.55570039693777,73.7353528706561,78.39045715332031
2021-05-21 00:00:00-04:00,80.85574031036431,81.21066788975466,80.59673692799788,80.79818725585938,3497900,0.0,0.0,0.001664936279276441,1.3487790803337816,78.56023750305175,81.86302352138235,75.25745148472116,79.68064583169439,78.22257694879679,74.94441553033269,73.87844200712631,77.93960571289062
2021-05-24 00:00:00-04:00,80.9996290765262,81.45048084632435,80.6734780291745,80.96125793457031,3196200,0.0,0.0,0.002018246748464181,1.3515012493270617,78.80580711364746,82.0547989082464,75.55681531904852,79.79096013239669,78.33289124949907,75.25919281557957,73.97382382928947,78.0355224609375
2021-05-25 00:00:00-04:00,81.02841042635524,81.22985344470385,80.48163442839547,81.14351654052734,3472800,0.0,0.0,0.002251182980683497,1.3545437259379194,79.09502372741699,82.08179307328166,76.10825438155231,79.79096013239669,78.33289124949907,75.25919281557957,73.97382382928947,78.40962982177734
2021-05-26 00:00:00-04:00,81.42170622860445,81.42170622860445,80.76941137852239,80.99004364013672,2601700,0.0,0.0,-0.001891376008013812,1.3519817744328748,79.36649360656739,81.97860913372162,76.75437807941316,80.26580217171559,78.33289124949907,75.91786276116103,74.63249377487092,78.37125396728516
2021-05-27 00:00:00-04:00,80.93248431373814,81.22025691091983,80.28018951416016,80.28018951416016,4686300,0.0,0.0,-0.00876470852554001,1.3401320482481283,79.55211029052734,81.84753989368075,77.25668068737393,80.26580217171559,78.33289124949907,75.99940905404627,74.71404006775616,78.6302719116211
2021-05-28 00:00:00-04:00,80.53919023838327,81.14351931408561,80.30897068362252,80.36652374267578,3971700,0.0,0.0,0.0010754113690825129,1.3415732414888861,79.6998363494873,81.79478632903357,77.60488636994103,80.26580217171559,78.33289124949907,75.99940905404627,74.71404006775616,79.29216766357422
2021-06-01 00:00:00-04:00,81.48884935102542,81.54640972653947,78.77415859825393,79.11949157714844,5587000,0.0,0.0,-0.015516811073229886,1.3207563029598024,79.76746444702148,81.68658208170396,77.848346812339,80.16028416239669,78.38085568960662,75.99940905404627,74.71404006775616,78.98517608642578
2021-06-02 00:00:00-04:00,79.3976626499057,79.88688554715648,79.14826121240645,79.50318145751953,3749600,0.0,0.0,0.004849498811515529,1.3271613090813077,79.85331764221192,81.54848320248391,78.15815208193993,80.16028416239669,78.38085568960662,76.03994630302678,74.71404006775616,79.07151794433594
2021-06-03 00:00:00-04:00,79.55115583933465,80.53918903726841,79.35930743298643,80.52959442138672,3967000,0.0,0.0,0.012910338241188812,1.3442954104821663,79.97945976257324,81.46683563280632,78.49208389234016,80.16028416239669,78.4624009948244,76.00453119934508,74.71404006775616,79.5511474609375
2021-06-04 00:00:00-04:00,80.96126300229403,81.07636911681975,80.28977895385502,80.54878234863281,3660200,0.0,0.0,0.00023827174821833275,1.3446157180997438,80.05907859802247,81.4875632947596,78.63059390128534,80.16028416239669,78.67342870552648,76.23823535986153,74.71404006775616,79.27296447753906
2021-06-07 00:00:00-04:00,80.66388983798446,80.66388983798446,79.97323118341627,80.48163604736328,3211600,0.0,0.0,-0.0008336103825742347,1.3434948324765634,80.14157447814941,81.46239592540026,78.82075303089856,80.16028416239669,78.95641306883797,76.49578467736706,74.71404006775616,79.83893585205078
2021-06-08 00:00:00-04:00,80.63510474788204,80.79818392650472,79.4935944088041,79.5511474609375,3233100,0.0,0.0,-0.011561501879487013,1.3279620144458046,80.12190971374511,81.46564791496971,78.77817151252052,80.16028416239669,79.2345981041841,76.6317120458164,74.71404006775616,80.22262573242188
2021-06-09 00:00:00-04:00,80.04996587486211,80.46244653411067,79.16745149832252,79.19622802734375,6530200,0.0,0.0,-0.004461525005255651,1.3220372787123251,80.12766494750977,81.45421418982,78.80111570519955,80.16028416239669,79.39767404706055,76.64363440889883,74.71404006775616,80.95166015625
2021-06-10 00:00:00-04:00,79.18664771767892,80.26101059486308,79.18664771767892,80.19386291503906,4075900,0.0,0.0,0.012597000040846185,1.3386909823662645,80.20200805664062,81.3553479724435,79.04866814083775,80.16028416239669,79.39767404706055,76.64595412594358,74.71404006775616,80.54878234863281
2021-06-11 00:00:00-04:00,80.28977340076689,80.4720344942235,79.72381552736562,80.22262573242188,2560000,0.0,0.0,0.00035866606667012135,1.3391711253953966,80.21975440979004,81.36273653211373,79.07677228746635,80.16028416239669,79.80055958518501,76.64595412594358,74.71404006775616,79.7483139038086
2021-06-14 00:00:00-04:00,80.2514108301694,80.2514108301694,79.48400262120846,80.0115966796875,2345200,0.0,0.0,-0.002630542827633864,1.3356483783965134,80.21256027221679,81.35891289705691,79.06620764737667,80.11231516461311,79.83892457250425,76.82581078787021,74.88190442870513,79.25645446777344
2021-06-15 00:00:00-04:00,80.28018979489276,80.45285628122448,79.76219033589761,79.8772964477539,3220700,0.0,0.0,-0.001678509584944754,1.333406479791259,80.19913063049316,81.35464902174543,79.04361223924089,80.12191030757114,79.83892457250425,76.8929652464659,74.94905888730084,78.92854309082031
2021-06-16 00:00:00-04:00,80.48162332688291,80.48162332688291,78.57270490518539,78.61106872558594,3615200,0.0,0.0,-0.01585216048212379,1.3122691062857041,80.14349327087402,81.48025634402386,78.80673019772418,79.82453701100258,79.83892457250425,77.84604214791385,75.61573713921518,80.31732177734375
2021-06-17 00:00:00-04:00,78.47677624689085,79.28255555693086,78.15063253182358,79.07151794433594,3253100,0.0,0.0,0.005857307707612058,1.3199554702364127,80.10608177185058,81.51761507491419,78.69454846878698,79.47440822916414,79.83892457250425,78.00914131294192,75.61573713921518,81.09849548339844
2021-06-18 00:00:00-04:00,78.58231142295607,78.87009137617885,77.69979696694358,77.71897888183594,7471300,0.0,0.0,-0.017105262396153176,1.2973772855667811,79.95883636474609,81.68914548803832,78.22852724145386,79.24899044672415,79.62310334674152,78.15063349459766,75.61573713921518,80.9634780883789
2021-06-21 00:00:00-04:00,77.95877751194651,78.26573931880195,77.82448217885641,78.12185668945312,4226700,0.0,0.0,0.005183776387872152,1.304102599305864,79.82501983642578,81.6855038646912,77.96453580816036,79.09071014691324,79.62310334674152,78.28972601227073,75.61573713921518,80.22087860107422
2021-06-22 00:00:00-04:00,78.14103052129863,78.361662727733,77.72854994987037,77.97795867919922,3159900,0.0,0.0,-0.001841968641707048,1.301700483212374,79.67585487365723,81.62526204633706,77.7264477009774,79.09071014691324,79.62310334674152,78.40963465195026,75.65410780745648,80.54877471923828
2021-06-23 00:00:00-04:00,77.9683721375411,78.02592518928859,76.97074443548614,76.98033905029297,3673800,0.0,0.0,-0.012793610474088557,1.285047034276222,79.4676959991455,81.62605591056393,77.30933608772708,78.72618388118453,79.2585770810128,78.53433393729148,75.77880709279772,76.67178344726562
2021-06-24 00:00:00-04:00,76.99953226845736,77.56549752842247,76.9419792082584,77.27771759033203,3449800,0.0,0.0,0.0038630453399897124,1.2900112292336503,79.28207969665527,81.52268548781383,77.04147390549672,78.71180126757065,79.24419446739893,78.73577670635373,75.77880709279772,76.71036529541016
2021-06-25 00:00:00-04:00,77.32567794057704,78.18901037587295,77.05708725371771,78.14104461669922,9475300,0.0,0.0,0.011171745922206044,1.3044229069234414,79.17512245178223,81.41919707876944,76.93104782479502,78.71180126757065,79.24419446739893,78.75495920001333,75.77880709279772,76.59463500976562
2021-06-28 00:00:00-04:00,78.27534371690695,78.94682778483006,78.19860142596471,78.39045715332031,2735300,0.0,0.0,0.003191824960166789,1.308586396516373,79.07631912231446,81.27492955159428,76.87770869303463,78.71180126757065,79.24419446739893,78.95161139024559,75.97545928302998,75.46625518798828
2021-06-29 00:00:00-04:00,78.52475287664969,78.7357905184707,77.76693921672324,77.93960571289062,3056700,0.0,0.0,-0.005751356182907452,1.3010602500539001,79.01732482910157,81.27136338035062,76.76328627785252,78.11226738259464,79.24419446739893,78.95161139024559,75.97545928302998,76.0931396484375
2021-06-30 00:00:00-04:00,78.24656008259244,78.34248427828642,77.52711763706712,78.0355224609375,4687700,0.0,0.0,0.0012306547764715514,1.3026614060651063,78.94394187927246,81.22562618481336,76.66225757373155,77.94440349654423,79.24419446739893,79.06192569094787,76.33856368318226,75.8327407836914
2021-07-01 00:00:00-04:00,78.17941029464266,78.54392515581814,77.93959615263456,78.40962982177734,3596100,0.0,0.0,0.0047940649212301345,1.3089064494161633,78.83794364929199,81.00819891954836,76.66768837903561,77.94440349654423,79.24419446739893,79.06192569094787,76.33856368318226,75.55305480957031
2021-07-02 00:00:00-04:00,78.58229157052718,78.77414726372281,78.26573516566414,78.37125396728516,2752200,0.0,0.0,-0.000489427823845312,1.3082658341810085,78.72906723022462,80.75744267395358,76.70069178649565,77.94440349654423,79.24419446739893,79.29934671060732,76.33856368318226,75.92918395996094
2021-07-06 00:00:00-04:00,78.34249197770943,78.75497264642402,78.1314543353139,78.6302719116211,3221000,0.0,0.0,0.0033050121214606154,1.3125896686210696,78.6364990234375,80.49676923000015,76.77622881687483,77.94440349654423,79.24419446739893,79.29934671060732,76.33856368318226,76.28602600097656
2021-07-07 00:00:00-04:00,78.75497889886101,79.70464104648777,78.57272509022553,79.29216766357422,3220200,0.0,0.0,0.008417823515822098,1.3236388168002131,78.62355003356933,80.46140223052876,76.7856978366099,78.32331012737308,79.24419446739893,79.29934671060732,76.33856368318226,75.9870376586914
2021-07-08 00:00:00-04:00,79.21540291399913,79.61828888443311,78.70699814389725,78.98517608642578,3514800,0.0,0.0,-0.003871650708944685,1.3185141496367618,78.61299743652344,80.4398475455448,76.78614732750209,78.38086415010274,79.00917416253907,79.27056992600166,76.38652812328982,76.61392974853516
2021-07-09 00:00:00-04:00,79.30173746782735,79.4456274144645,78.9180333829772,79.07151794433594,2801600,0.0,0.0,0.0010931400319431628,1.3199554702364134,78.55688018798828,80.24858242051971,76.86517795545686,78.61587934177744,79.00917416253907,79.27056992600166,76.46760262125085,76.94183349609375
2021-07-12 00:00:00-04:00,79.14826145891,79.73340855075573,79.11948493284329,79.5511474609375,4482600,0.0,0.0,0.0060657684216864904,1.3279620144458057,78.52330627441407,80.1032301279541,76.94338242087403,78.63026309391142,79.00917416253907,79.31134257861055,76.46760262125085,77.18292999267578
2021-07-13 00:00:00-04:00,79.40725981544378,79.92525925531066,78.99477918658016,79.27296447753906,2733700,0.0,0.0,-0.003496907238642155,1.3233182544648483,78.48637466430664,79.954850218662,77.01789910995127,78.7261884461889,78.87008156738156,79.41685643396158,76.93501094228374,75.37947082519531
2021-07-14 00:00:00-04:00,79.26337599530073,79.9828184976907,78.9276376245616,79.83893585205078,2959200,0.0,0.0,0.007139525792202228,1.3327661192738922,78.48445663452148,79.94566395221223,77.02324931683073,78.96120732516263,78.87008156738156,79.55834861561733,77.45010957729482,76.16065216064453
2021-07-15 00:00:00-04:00,79.93485314746336,80.3569210691119,79.28255837559166,80.22262573242188,4200800,0.0,0.0,0.004805799028710922,1.3391711253953975,78.56503448486328,80.21321269025773,76.91685627946882,79.24418770221291,78.71180126757065,79.6974411332904,77.72196431419349,75.9967041015625
2021-07-16 00:00:00-04:00,80.25140696892144,81.05717896286885,80.25140696892144,80.95166015625,6527500,0.0,0.0,0.009087641013643344,1.3513410318388277,78.65904159545899,80.60340677058475,76.71467642033322,79.59431664909138,78.99957908556362,79.77897910472862,77.74580904035835,75.59163665771484
2021-07-19 00:00:00-04:00,80.94207377084145,81.49844438620728,79.79096871429951,80.54878234863281,4960200,0.0,0.0,-0.004976770171724265,1.3446157180997451,78.80053176879883,80.8603778440589,76.74068569353877,80.03558473821641,79.22021179723285,79.77897910472862,77.77443307640317,74.90689086914062
2021-07-20 00:00:00-04:00,80.83811161834939,81.7639588317431,79.7290212813327,79.7483139038086,4884100,0.45,0.0,-0.00993768523228089,1.3312533503348924,78.8818546295166,80.95663634358127,76.80707291545193,80.23547848782017,79.35296902000076,79.98042187379085,77.77443307640317,74.88761138916016
2021-07-21 00:00:00-04:00,79.83510805220178,80.02799748566424,79.14072080769594,79.25645446777344,3579600,0.0,0.0,-0.006167646837379248,1.323042649818949,78.9457794189453,80.98327113983946,76.90828769805115,80.34099610736016,79.35296902000076,79.97561986855868,77.77443307640317,74.5596923828125
2021-07-22 00:00:00-04:00,78.73566102271522,79.54578189631098,78.39811372454167,78.92854309082031,3659900,0.0,0.0,-0.004137346026328426,1.3175687645690575,79.04318962097167,80.86856987603842,77.21780936590493,80.08103627814239,79.35296902000076,79.9804174400377,77.77443307640317,74.68507385253906
2021-07-23 00:00:00-04:00,78.8128209641594,80.4909185910173,78.62957783917629,80.31732177734375,3107500,0.0,0.0,0.017595392390879594,1.3407519039836164,79.19516983032227,80.90883374447678,77.48150591616776,80.08103627814239,79.35296902000076,79.83173079175342,78.26568507025257,74.88761138916016
2021-07-26 00:00:00-04:00,80.19194097826998,81.30103121033089,79.99905156166263,81.09849548339844,5947500,0.0,0.0,0.009726092563448141,1.3537921811063804,79.34304237365723,81.17498501756927,77.51109972974518,80.08103627814239,79.35296902000076,79.6566664008342,78.38085568960662,75.17692565917969
2021-07-27 00:00:00-04:00,80.79952759967365,81.56142425410154,80.47162662226316,80.9634780883789,4136700,0.0,0.0,-0.0016648569645434375,1.351538310765121,79.47169342041016,81.37866110689207,77.56472573392826,80.08103627814239,79.35296902000076,79.43604689673283,78.38085568960662,75.54341888427734
2021-07-28 00:00:00-04:00,81.02135318490954,81.26245945536745,80.18230071484342,80.22087860107422,3110700,0.0,0.0,-0.009172030461612302,1.3391419602087473,79.58575706481933,81.38097311887238,77.79054101076629,80.08103627814239,79.35296902000076,79.35690674682738,78.38085568960662,75.72664642333984
2021-07-29 00:00:00-04:00,80.51020419332265,80.84775147992683,80.07620851799243,80.54877471923828,3974400,0.0,0.0,0.00408741619241848,1.3446155907408517,79.71141967773437,81.40273534448033,78.0201040109884,80.08103627814239,79.35296902000076,79.35690674682738,78.38085568960662,75.13835906982422
2021-07-30 00:00:00-04:00,77.65549365775777,78.17628401318717,76.40174563881595,76.67178344726562,9513700,0.0,0.0,-0.04813221908696119,1.2798962585395692,79.6245273590088,81.71150658026508,77.53754813775251,79.08285223527952,79.08285223527952,78.99238048109866,78.38085568960662,74.1642837524414
2021-08-02 00:00:00-04:00,76.66214110227365,76.98040311782535,75.85202763502805,76.71036529541016,5339300,0.0,0.0,0.0005032079131310763,1.2805403124648531,79.54148292541504,81.93461451385805,77.14835133697203,78.7067259445648,78.80799323338557,78.97799786748479,78.38085568960662,75.01298522949219
2021-08-03 00:00:00-04:00,76.51747924055103,77.03826964578084,76.27637298023977,76.59463500976562,3635700,0.0,0.0,-0.0015086655525476944,1.2786084054067888,79.43970108032227,82.1365703163168,76.74283184432772,78.7067259445648,78.80799323338557,78.97799786748479,78.38085568960662,74.55006408691406
2021-08-04 00:00:00-04:00,76.44032648451456,76.64285484870699,75.0515521495051,75.46625518798828,4194400,0.0,0.0,-0.01473183887661944,1.2597721523920447,79.24840545654297,82.45978316105185,76.03702775203409,78.30648820180332,78.4077554906241,78.97799786748479,78.38085568960662,74.29930877685547
2021-08-05 00:00:00-04:00,75.96775967997723,76.55605956250498,75.61092711246259,76.0931396484375,4135100,0.0,0.0,0.008306818178371644,1.2702368506081412,79.10380363464355,82.60056226989522,75.60704499939189,78.30648820180332,78.4077554906241,78.67823092499678,78.38085568960662,74.627197265625
2021-08-06 00:00:00-04:00,76.16064913441237,76.43068697737118,75.51448610190674,75.8327407836914,2877400,0.0,0.0,-0.003422106985586093,1.2658899642083261,78.94186477661133,82.72134391518955,75.1623856380331,78.30648820180332,78.4077554906241,78.59429898197158,78.38085568960662,74.55006408691406
2021-08-09 00:00:00-04:00,75.96775787497452,76.12206941465013,75.25408539892281,75.55305480957031,2563700,0.0,0.0,-0.003688195510681669,1.261221114525316,78.74196014404296,82.78791589293763,74.6960043951483,78.15700580243627,78.4077554906241,78.59429898197158,78.38085568960662,74.4632568359375
2021-08-10 00:00:00-04:00,75.75558716456163,75.96775448517957,75.2155041577755,75.92918395996094,2740600,0.0,0.0,0.0049783447054345675,1.2674999079831955,78.57477111816407,82.79370216830824,74.35584006801989,77.94965181471596,78.4077554906241,78.59429898197158,78.38085568960662,73.74959564208984
2021-08-11 00:00:00-04:00,75.78452817292842,76.51748597100035,75.78452817292842,76.28602600097656,4239100,0.0,0.0,0.004699669118053418,1.2734567381578796,78.39712562561036,82.68755499548895,74.10669625573176,76.61391808134613,78.4077554906241,78.59429898197158,78.38085568960662,73.51811981201172
2021-08-12 00:00:00-04:00,76.76821946187859,76.8067973402799,75.97739134959659,75.9870376586914,3595500,0.0,0.0,-0.003919306824048285,1.2684656704738873,78.18534622192382,82.51282286602893,73.85786957781872,76.04491089764298,78.4077554906241,78.783752297386,78.38085568960662,73.46025085449219
2021-08-13 00:00:00-04:00,75.9388277862175,76.74894866940282,75.88096463669689,76.61392974853516,3521600,0.0,0.0,0.008249987223604371,1.2789304960488777,77.96845970153808,82.1504279274493,73.78649147562686,76.04491089764298,78.4077554906241,78.69501915632091,78.38085568960662,73.67242431640625
2021-08-16 00:00:00-04:00,76.66214933342603,77.29867343287249,76.66214933342603,76.94183349609375,6098900,0.0,0.0,0.004279949463953159,1.2844042539398755,77.78811225891113,81.81604503194244,73.76017948587982,76.1751127911888,78.4077554906241,78.81252675215825,78.38085568960662,73.71100616455078
2021-08-17 00:00:00-04:00,76.71036381258396,77.84838558360615,76.69107119251078,77.18292999267578,3356600,0.0,0.0,0.003133490399527261,1.288428922338708,77.65984306335449,81.59111131925556,73.72857480745341,76.53194487069082,78.4077554906241,78.81971862822525,78.4624009948244,73.94247436523438
2021-08-18 00:00:00-04:00,76.99969796128981,77.0479221604268,75.34089293748168,75.37947082519531,3654100,0.0,0.0,-0.02336603660487635,1.2583234449765603,77.46599388122559,81.44580601663097,73.4861817458202,76.53194487069082,78.4077554906241,78.79813500678523,78.67342870552648,73.90387725830078
2021-08-19 00:00:00-04:00,75.40840175166034,76.45962159037424,75.40840175166034,76.16065216064453,3527800,0.0,0.0,0.010363316787680432,1.2713638494582178,77.3275993347168,81.28657323963876,73.36862542979483,76.53194487069082,78.4077554906241,78.9156444462721,78.95641306883797,73.30593872070312
2021-08-20 00:00:00-04:00,76.30531985255648,76.60428929190005,75.76523676983207,75.9967041015625,3026100,0.0,0.0,-0.0021526609138826647,1.2686270341921657,77.11156845092773,80.85798399731931,73.36515290453616,76.53194487069082,78.4077554906241,78.97799448489178,79.2345981041841,73.1227035522461
2021-08-23 00:00:00-04:00,75.92919132895824,76.17029760385805,75.54341981752263,75.59163665771484,3163400,0.0,0.0,-0.005330065936890116,1.2618651684506001,76.83622550964355,80.1501704241542,73.52228059513291,76.59463926054391,78.4077554906241,79.2969478673275,79.24419446739893,74.33788299560547
2021-08-24 00:00:00-04:00,75.22515289731348,75.50483704104303,74.89725191651414,74.90689086914062,2923000,0.0,0.0,-0.00905848608192994,1.2504345803849182,76.53339614868165,79.34762256364397,73.71916973371933,76.37281875006013,78.33060537412862,79.62789826772463,79.24419446739893,72.89124298095703
2021-08-25 00:00:00-04:00,74.7429461508207,75.06120820357158,74.25108728365842,74.88761138916016,3636600,0.0,0.0,-0.00025737925785962457,1.2501127444606166,76.26673278808593,78.59711777933065,73.93634779684122,76.04973643363229,77.90625576887999,79.79422375391047,79.35296902000076,72.89124298095703
2021-08-26 00:00:00-04:00,74.9068859620788,75.02261960782711,74.30894718732577,74.5596923828125,2317300,0.0,0.0,-0.004378815137307535,1.2446387318518315,75.96727867126465,77.36367809299257,74.57087924953673,76.04973643363229,77.90625576887999,79.84698256368046,79.35296902000076,72.38973999023438
2021-08-27 00:00:00-04:00,74.55969389427538,75.04190639103408,74.4632528665194,74.68507385253906,2294200,0.0,0.0,0.0016816253624387656,1.2467317479103872,75.86794319152833,77.33153003614424,74.40435634691241,76.04973643363229,77.90625576887999,79.71700264907157,79.35296902000076,71.77251434326172
2021-08-30 00:00:00-04:00,74.86831876645908,75.16729555448853,74.69472195204766,74.88761138916016,1960800,0.0,0.0,0.0027118877464189506,1.2501127444606168,75.77680549621581,77.24626930424064,74.30734168819099,75.64950472204261,77.90625576887999,79.71700264907157,79.35296902000076,72.4283218383789
2021-08-31 00:00:00-04:00,74.88760257453514,75.49518767446962,74.76222261567492,75.17692565917969,3786900,0.0,0.0,0.0038633128317591137,1.254942321067437,75.70592002868652,77.14693719414029,74.26490286323275,75.42768828777923,77.90625576887999,79.71700264907157,79.35296902000076,72.90088653564453
2021-09-01 00:00:00-04:00,75.07084529356648,75.67843780791488,75.06120634043486,75.54341888427734,2658000,0.0,0.0,0.004875075987533561,1.2610602602426126,75.70977821350098,77.14859571723866,74.2709607097633,75.42768828777923,77.75677336951293,79.71700264907157,79.35296902000076,72.90088653564453
2021-09-02 00:00:00-04:00,75.54341068000578,75.76522430561509,75.3119433863543,75.72664642333984,2549700,0.0,0.0,0.0024254599774360397,1.264118911432966,75.69145355224609,77.11945232191397,74.26345478257821,75.21069244375823,77.54941938179263,79.71700264907157,79.35296902000076,73.10340881347656
2021-09-03 00:00:00-04:00,75.6109252834139,75.6591421210574,75.00333279367653,75.13835906982422,3030200,0.0,0.0,-0.007768564716663651,1.2542985218599407,75.65673446655273,77.10315156065303,74.21031737245244,75.00815579463676,76.2136856484228,79.71700264907157,79.35296902000076,72.97803497314453
2021-09-07 00:00:00-04:00,75.12870874959154,75.17692558466177,74.09677429696005,74.1642837524414,3246400,0.0,0.0,-0.01296375552302953,1.2380381024696512,75.5872959136963,77.1750017019048,73.99959012548779,74.93099930128757,75.9725799402831,79.08285223527952,79.08285223527952,73.36381530761719
2021-09-08 00:00:00-04:00,73.88460959638549,75.09014100559688,73.87496328487745,75.01298522949219,3863900,0.0,0.0,0.01144353365406614,1.2522056331602789,75.54148597717285,77.14004122417273,73.94293073017298,74.82009379524627,75.86167443424179,78.75735958897519,78.80799323338557,73.87496185302734
2021-09-09 00:00:00-04:00,75.29266818550477,75.43733342387378,74.48255462340582,74.55006408691406,3956900,0.0,0.0,-0.006171213439404966,1.2444780049280215,75.45468788146972,77.07072228605269,73.83865347688676,74.82009379524627,75.86167443424179,78.75735958897519,78.80799323338557,73.53740692138672
2021-09-10 00:00:00-04:00,74.71401185407154,74.71401185407154,74.05820250772938,74.29930877685547,3360100,0.0,0.0,-0.0033635827564983956,1.2402921001698042,75.37030143737793,77.04223870912605,73.69836416562981,74.82009379524627,75.86167443424179,78.35712184621372,78.4077554906241,72.60191345214844
2021-09-13 00:00:00-04:00,74.58861938607185,75.39874014073146,74.41502996504998,74.627197265625,3371400,0.0,0.0,0.004413075897573782,1.2457656033430147,75.27096481323242,76.86921771387057,73.67271191259428,74.82009379524627,75.86167443424179,78.35712184621372,78.4077554906241,72.11971282958984
2021-09-14 00:00:00-04:00,74.62721250379515,74.8297408943199,74.34752833840966,74.55006408691406,2950600,0.0,0.0,-0.0010335800021591401,1.2444780049280215,75.15137634277343,76.57867620694095,73.72407647860591,74.82009379524627,75.86167443424179,78.35712184621372,78.4077554906241,72.86680603027344
2021-09-15 00:00:00-04:00,74.7236557185364,75.07084196536968,74.33788422896936,74.4632568359375,3662100,0.0,0.0,-0.001164415511103467,1.2430289154358563,75.01539268493653,76.12158837591956,73.9091969939535,74.82009379524627,75.86167443424179,78.28238064653019,78.4077554906241,72.66305541992188
2021-09-16 00:00:00-04:00,74.38611244294123,74.50184611490525,73.16129568607158,73.74959564208984,4170600,0.0,0.0,-0.009584071717680054,1.2311156371631689,74.93389892578125,76.15617911370518,73.71161873785732,74.4102189035645,75.50484063483887,78.17870365267004,78.4077554906241,73.2549057006836
2021-09-17 00:00:00-04:00,73.54705138427252,74.21249962020691,73.46024930951143,73.51811981201172,7334200,0.0,0.0,-0.0031386725318669484,1.2272515683292529,74.80177230834961,76.03642598075827,73.56711863594096,74.29931455497268,75.50484063483887,77.5108367859851,78.4077554906241,72.90560913085938
2021-09-20 00:00:00-04:00,74.28001063702989,74.48254636307249,72.99733097262616,73.46025085449219,4942500,0.0,0.0,-0.000787138703594481,1.226285551120774,74.6749496459961,75.91370187310636,73.43619741888583,74.21733219824998,75.42285827811615,77.22633319413353,78.4077554906241,73.89527893066406
2021-09-21 00:00:00-04:00,73.56633697898467,74.36681148571887,73.54705171671654,73.67242431640625,4247500,0.0,0.0,0.0028882757606467635,1.2298274019537074,74.57898902893066,75.81615481301347,73.34182324484786,74.21733219824998,75.42285827811615,77.22633319413353,78.4077554906241,73.64301300048828
2021-09-22 00:00:00-04:00,74.02926819393792,74.29930602809218,73.53740936288317,73.71100616455078,2811500,0.0,0.0,0.0005236945641808877,1.2304714558789913,74.51919479370117,75.80243688506458,73.23595270233777,74.1980355566788,75.42285827811615,77.29143414090645,78.4077554906241,74.59387969970703
2021-09-23 00:00:00-04:00,74.00034487756734,74.17394169860634,73.59528072315638,73.94247436523438,2393100,0.0,0.0,0.0031402121979839936,1.2343353973540137,74.47193794250488,75.76711585347479,73.17676003153497,74.1980355566788,75.02262656652647,77.46985018065746,78.4077554906241,73.92440032958984
2021-09-24 00:00:00-04:00,73.87494568864767,74.21249293123071,73.77850467047794,73.90387725830078,2214000,0.0,0.0,-0.0005219883059761621,1.2336910887109425,74.4391471862793,75.75703408928436,73.12126028327424,74.03408646899791,74.80081013226311,77.46985018065746,78.4077554906241,73.69152069091797
2021-09-27 00:00:00-04:00,73.77850486154321,73.93281637739682,73.21913665354096,73.30593872070312,2899700,0.0,0.0,-0.008090760049135226,1.2237095901374258,74.3701904296875,75.77197966143574,72.96840119793926,74.03408646899791,74.80081013226311,77.46985018065746,78.4077554906241,74.00200653076172
2021-09-28 00:00:00-04:00,72.92982149452345,73.45061187994921,72.72729312652103,73.1227035522461,4949500,0.0,0.0,-0.0024995951440600628,1.2206508115881785,74.2819450378418,75.7631756075965,72.8007144680871,73.61456962071314,74.44879536518954,77.46985018065746,78.4077554906241,74.97227478027344
2021-09-29 00:00:00-04:00,73.12270539892337,74.60792082642838,72.99733279403532,74.33788299560547,4094300,0.0,0.0,0.016618360431533086,1.2409360267361942,74.23999290466308,75.66323141541352,72.81675439391265,73.6676069764747,74.24625871606807,77.50119737558401,78.4077554906241,74.99168395996094
2021-09-30 00:00:00-04:00,74.37645835810825,74.54040884155239,72.89124298095703,72.89124298095703,4178800,0.0,0.0,-0.019460333767292726,1.2167869974720498,74.10738410949708,75.51408310040038,72.70068511859377,73.6676069764747,74.24625871606807,77.35171206209438,78.33060537412862,75.52532196044922
2021-10-01 00:00:00-04:00,73.15163449242839,73.31558497587253,72.39938417264581,72.89124298095703,3473400,0.0,0.0,0.0,1.2167869974720498,73.96561393737792,75.25651361469173,72.67471426006412,73.5036524995371,74.08230423913045,76.97799610125614,78.00752305770075,75.42829895019531
2021-10-04 00:00:00-04:00,72.82373566608165,73.22879241048925,71.95575167236609,72.38973999023438,3943600,0.0,0.0,-0.006880154188805276,1.2084153153145087,73.82818298339843,75.17506137294703,72.48130459384984,73.28183624939723,73.8604879889906,76.97799610125614,78.00752305770075,75.72908782958984
2021-10-05 00:00:00-04:00,72.33188266847972,72.40903844257454,71.72429750293715,71.77251434326172,4915400,0.0,0.0,-0.008526424422244383,1.198111853457797,73.70859451293946,75.31726364964827,72.09992537623064,73.16610916468277,73.74476090427612,76.97799610125614,78.00752305770075,76.14630126953125
2021-10-06 00:00:00-04:00,71.43496518597154,72.51512392149088,71.37710203588315,72.4283218383789,4052700,0.0,0.0,0.009137306963787006,1.2090593692397926,73.5793613433838,75.16292577729607,71.99579690947152,72.99251143115578,73.57116317074912,76.77788024546129,78.00752305770075,75.67086029052734
2021-10-07 00:00:00-04:00,72.84302338677088,73.69172214614056,72.83337707596552,72.90088653564453,3642200,0.0,0.0,0.006524584379024256,1.2169479791136475,73.49690246582031,75.04051458334834,71.95329034829228,72.99251143115578,73.57116317074912,76.66697202832961,78.00752305770075,75.70967864990234
2021-10-08 00:00:00-04:00,72.85266969757623,73.19021699597134,72.63084869692845,72.90088653564453,3327900,0.0,0.0,0.0,1.2169479791136475,73.42698135375977,74.94507632081789,71.90888638670165,72.99251143115578,73.57116317074912,76.59223082864608,78.00752305770075,75.97164916992188
2021-10-11 00:00:00-04:00,73.19984982983651,73.45060235875467,72.88158785366859,73.10340881347656,3742400,0.0,0.0,0.0027780495883682477,1.2203287209460898,73.35079193115234,74.76890697453481,71.93267688776987,72.99251143115578,73.51812207847027,76.38005591277543,78.00752305770075,75.56413269042969
2021-10-12 00:00:00-04:00,72.95874971145088,73.48917902477905,72.71764347139849,72.97803497314453,2788900,0.0,0.0,-0.0017150204397707869,1.218235832246428,73.27219047546387,74.58495892203882,71.95942202888892,72.95875543871777,73.40721772987847,75.61092072152978,78.00752305770075,75.27305603027344
2021-10-13 00:00:00-04:00,73.0551995773193,73.50848054075232,72.4090365416924,73.36381530761719,3684000,0.0,0.0,0.005286252700756,1.2246757347047983,73.21721839904785,74.41137268715526,72.02306411094044,72.53441209101186,73.40721772987847,75.45178962078533,77.93036656435157,74.11843872070312
2021-10-14 00:00:00-04:00,73.49883664928187,74.07749024289186,73.29630825941734,73.87496185302734,3739000,0.0,0.0,0.006967284120474204,1.233208398503937,73.22348670959472,74.43014011150233,72.01683330768712,72.7272961393875,73.40721772987847,75.34088411474403,77.81946105831028,74.90435791015625
2021-10-15 00:00:00-04:00,73.93282470682666,74.25107936766838,73.29630066918546,73.53740692138672,4076000,0.0,0.0,-0.004569273853733846,1.227573531612448,73.22445106506348,74.4320858678569,72.01681626227005,72.81409070177577,73.38792108830731,75.34088411474403,77.81946105831028,75.25365447998047
2021-10-18 00:00:00-04:00,73.22879117917894,73.30594694576277,72.49582611259041,72.60191345214844,4331000,0.0,0.0,-0.012721327939103744,1.2119571661474424,73.1815341949463,74.41362625274586,71.94944213714673,72.81409070177577,73.38792108830731,75.34088411474403,77.81946105831028,75.61265563964844
2021-10-19 00:00:00-04:00,72.04255705029472,72.23544649853254,71.64714655787235,72.11971282958984,5206800,0.0,0.0,-0.006641706804000558,1.2039077019908837,73.10389862060546,74.39731155841135,71.81048568279958,72.94911296277036,73.22397200062642,75.34088411474403,77.81946105831028,75.44771575927734
2021-10-20 00:00:00-04:00,72.35256742798353,73.38104463256336,72.3040512795496,72.86680603027344,5317600,0.45,0.0,0.01035907065310826,1.2163790669356285,73.0616886138916,74.32760923409897,71.79576799368424,72.94911296277036,73.22397200062642,75.34088411474403,77.81946105831028,74.76852416992188
2021-10-21 00:00:00-04:00,73.18699876044212,73.35194182990442,72.60484196070584,72.66305541992188,4370500,0.0,0.0,-0.0027962061390053305,1.2129778203213055,72.99771766662597,74.20655224351823,71.78888308973372,72.94911296277036,72.99251143115578,75.34088411474403,77.81946105831028,75.39920043945312
2021-10-22 00:00:00-04:00,72.58542141222722,73.43925816330763,72.36226491775788,73.2549057006836,7665400,0.0,0.0,0.008145133415342842,1.2228576864976743,72.96526908874512,74.10736119323734,71.8231769842529,72.94911296277036,72.99251143115578,74.95752976920168,77.46262725890733,72.78917694091797
2021-10-25 00:00:00-04:00,72.78917482944861,73.10936360643515,71.99355894278527,72.90560913085938,6205900,0.0,0.0,-0.004768234515943992,1.2170268142688287,72.94525260925293,74.07662725412534,71.81387796438052,72.94911296277036,72.99251143115578,74.90207759490578,77.46262725890733,73.14817810058594
2021-10-26 00:00:00-04:00,73.19668795802805,73.92438565410328,72.99293349142984,73.89527893066406,5400200,0.0,0.0,0.013574672944962396,1.2335475552377777,72.98388137817383,74.18807983291907,71.7796829234286,72.94911296277036,72.99251143115578,74.82009523818306,77.38064490218463,73.23551177978516
2021-10-27 00:00:00-04:00,74.04081725029548,74.3318993082221,73.36163565183233,73.64301300048828,4583100,0.0,0.0,-0.0034138301367327983,1.2293364334186139,72.94913787841797,74.02727361181515,71.8710021450208,72.98952293304723,72.99251143115578,74.82009523818306,77.38064490218463,74.48715209960938
2021-10-28 00:00:00-04:00,73.64302530301251,74.62299383238278,73.44896809780155,74.59387969970703,4849900,0.0,0.0,0.012911838618178795,1.2452094270543625,73.03426971435547,74.33016705621925,71.7383723724917,73.13507019512755,73.00004793413297,74.81044691739748,77.38064490218463,76.24332427978516
2021-10-29 00:00:00-04:00,74.73941835778024,75.14692737187544,73.41985901473606,73.92440032958984,6683300,0.0,0.0,-0.008974990613336065,1.234033684134912,73.0859275817871,74.43671405672012,71.73514110685409,73.39703696487389,73.26201470387929,74.61033106160264,77.38064490218463,75.4962158203125
2021-11-01 00:00:00-04:00,73.730332124923,74.32219353908248,73.41984805540689,73.69152069091797,4008000,0.0,0.0,-0.003150240483975386,1.2301461812645609,73.1510166168213,74.4865491734225,71.81548406022009,73.57024315733035,73.26201470387929,74.41744830063051,77.38064490218463,75.44771575927734
2021-11-02 00:00:00-04:00,73.53628411660829,74.33190002643435,73.32282492573617,74.00200653076172,4132200,0.0,0.0,0.0042133183971873045,1.2353291788013125,73.26249122619629,74.48544043137422,72.03954202101836,73.57024315733035,73.26201470387929,74.41744830063051,77.38064490218463,75.6805648803711
2021-11-03 00:00:00-04:00,74.05052720245178,74.99168420018901,73.70123166921888,74.97227478027344,3916000,0.0,0.0,0.013111377582827988,1.2515260461036615,73.38968887329102,74.76102422915417,72.01835351742787,73.57024315733035,73.26201470387929,74.03168249295135,77.24562597913206,77.10685729980469
2021-11-04 00:00:00-04:00,74.6035769906649,75.22454518052866,74.58417497333623,74.99168395996094,3407000,0.0,0.0,0.0002588847643263392,1.2518500471291554,73.49422874450684,75.01309535571598,71.97536213329771,73.60905206165697,73.30082360820592,73.95693284627139,77.24562597913206,78.7271957397461
2021-11-05 00:00:00-04:00,75.2439520050027,75.63205155838733,74.78792688699883,75.52532196044922,3560300,0.0,0.0,0.007115962361549322,1.2607581649468302,73.62545051574708,75.3575716415645,71.89332938992965,74.31249252490858,73.50457679713524,73.95693284627139,77.24562597913206,79.68775939941406
2021-11-08 00:00:00-05:00,75.53502855079088,75.63205344155287,74.72001058536061,75.42829895019531,3335900,0.0,0.0,-0.0012846421271095476,1.2591385418960421,73.741695022583,75.62522027998966,71.85816976517634,74.47743918364452,73.50457773871801,73.79297836933378,76.98040421337367,80.29902648925781
2021-11-09 00:00:00-05:00,75.55444006037744,75.85521945081689,75.18573510174859,75.72908782958984,3854900,0.0,0.0,0.003987745760952954,1.2641596662789405,73.87924766540527,75.91685352234823,71.84164180846231,74.58902218827653,73.61616074335002,73.57116211919391,76.75858796323382,81.4536361694336
2021-11-10 00:00:00-05:00,75.62235796371162,76.19481001482345,75.28275973404206,76.14630126953125,3263500,0.0,0.0,0.005509289123886596,1.2711242873792272,74.01837196350098,76.26759655744235,71.76914736955962,74.75881747027981,73.7859560253533,73.45543503447945,76.64286087851934,80.02735900878906
2021-11-11 00:00:00-05:00,76.05896723256949,76.09777866702612,75.52531926194601,75.67086029052734,2788500,0.0,0.0,-0.006243782968801237,1.2631876632024592,74.10816688537598,76.46917720489449,71.74715656585747,74.75881747027981,73.92097828634789,73.28183730095245,76.46926314499234,80.06615447998047
2021-11-12 00:00:00-05:00,75.60294904601544,76.12689235531708,75.35068580275993,75.70967864990234,3057200,0.0,0.0,0.0005129895342270707,1.2638356652534468,74.21678047180175,76.66205806222013,71.77150288138338,74.75881747027981,73.92097828634789,73.28183730095245,76.46926314499234,79.64895629882812
2021-11-15 00:00:00-05:00,75.92313302487065,76.02015791244867,75.56413279805513,75.97164916992188,3263900,0.0,0.0,0.003460198546488824,1.2682087875853576,74.38526725769043,76.82657323519287,71.94396128018799,74.94802084202117,73.92097828634789,73.28183730095245,76.31978074562531,80.00794982910156
2021-11-16 00:00:00-05:00,76.16569883659567,76.43737148243694,75.52532125494888,75.56413269042969,3140500,0.0,0.0,-0.005364059934788501,1.2614060396389244,74.55748825073242,76.81209197083315,72.30288453063169,75.51077322788659,74.04225902015465,73.25531675481302,76.11242675790498,80.32813262939453
2021-11-17 00:00:00-05:00,75.45740109075905,75.46710580000277,74.87524437904682,75.27305603027344,3144600,0.0,0.0,-0.0038520479199930513,1.2565470431276666,74.67780075073242,76.81094222494785,72.54465927651698,75.57869103389878,74.04225902015465,73.18298658429812,74.77669302453516,81.41483306884766
2021-11-18 00:00:00-05:00,75.18572724208593,75.2439480940871,73.90497953592175,74.11843872070312,3416600,0.0,0.0,-0.0153390518528429,1.237272802877595,74.75056991577148,76.69258284979978,72.80855698174318,75.17117550917935,74.04225902015465,72.97081491044517,74.61274380974464,81.94847106933594
2021-11-19 00:00:00-05:00,74.19606952401641,75.35068574563121,74.19606952401641,74.90435791015625,3978200,0.0,0.0,0.010603558345510633,1.250392297232221,74.83304252624512,76.64863918612384,73.0174458663664,75.17117550917935,74.04225902015465,73.06725693463298,74.61274380974464,82.38509368896484
2021-11-22 00:00:00-05:00,75.1081208387292,75.98135229633672,75.00139123346162,75.25365447998047,3601000,0.0,0.0,0.004663234283954321,1.2562231694610666,74.95044479370117,76.53956119562139,73.36132839178094,75.17117550917935,74.04225902015465,73.10100589504154,74.61274380974464,82.0746078491211
2021-11-23 00:00:00-05:00,75.37979440833324,75.85522158133824,74.94317127177654,75.61265563964844,2941800,0.0,0.0,0.004770547851114193,1.262216042202659,75.03631362915038,76.57222583445372,73.50040142384705,75.17117550917935,74.04225902015465,73.10100589504154,74.61274380974464,82.80230712890625
2021-11-24 00:00:00-05:00,75.74849517085549,75.83582276286148,75.06931346647728,75.44771575927734,2350400,0.0,0.0,-0.0021813792807008348,1.25946267028043,75.12654876708984,76.52933649932432,73.72376103485537,75.17117550917935,74.21546521261111,73.08654248169839,74.61274380974464,82.0746078491211
2021-11-26 00:00:00-05:00,75.46711527267375,76.26273127246891,74.67149927287859,74.76852416992188,2439900,0.0,0.0,-0.009002149137589455,1.2481247994893387,75.13528099060059,76.52670240346158,73.7438595777396,75.17117550917935,74.21546521261111,73.08654248169839,74.61274380974464,82.34628295898438
2021-11-29 00:00:00-05:00,74.78793689877116,75.75820071716977,74.6521005563974,75.39920043945312,3923000,0.0,0.0,0.00843505039765069,1.258652795075589,75.20902099609376,76.48639784478578,73.93164414740173,75.17117550917935,74.21546521261111,72.97081219696307,74.61274380974464,82.68587493896484
2021-11-30 00:00:00-05:00,74.84613857703201,75.09840920281115,72.77947963407884,72.78917694091797,8702400,0.0,0.0,-0.034616063344478754,1.2150831901925472,75.16390380859374,76.69420008563199,73.6336075315555,74.52110545327388,74.21546521261111,72.97081219696307,74.61274380974464,82.14253234863281
2021-12-01 00:00:00-05:00,73.2549076973801,74.25427810143053,73.08025993921915,73.14817810058594,3716700,0.0,0.0,0.004932067853430588,1.2210760629341397,75.12121238708497,76.81915407783355,73.42327069633639,74.52110545327388,74.60842555825789,72.97081219696307,74.61274380974464,81.92906188964844
2021-12-02 00:00:00-05:00,73.46837300921702,74.00201363510358,73.12878217410284,73.23551177978516,4665300,0.0,0.0,0.0011939282900406134,1.2225339401899682,75.03437423706055,76.92302086900895,73.14572760511214,74.52110545327388,74.60842555825789,72.97081219696307,74.61274380974464,81.22077941894531
2021-12-03 00:00:00-05:00,73.75945421609315,74.49685681076343,73.19670681209344,74.48715209960938,5206200,0.0,0.0,0.017090620238823906,1.243427803490828,75.00914764404297,76.91298332061433,73.10531196747161,74.52110545327388,74.60842555825789,72.9910171821015,74.61274380974464,80.69683837890625
2021-12-06 00:00:00-05:00,74.99168320276877,76.72845613587563,74.86555158509411,76.24332427978516,6525000,0.0,0.0,0.023576846888001546,1.2727439104300153,75.04504776000977,77.01316397008151,73.07693154993802,74.75396788497724,74.75396788497724,73.06755906463026,74.61274380974464,80.40576171875
2021-12-07 00:00:00-05:00,75.92313421537936,76.476184226023,75.36037949506843,75.4962158203125,3952500,0.0,0.0,-0.009799001637586513,1.2602722907674833,75.04844360351562,77.01945681836608,73.07743038866516,74.75396788497724,74.75396788497724,73.3295258343766,74.21251209815497,80.0855712890625
2021-12-08 00:00:00-05:00,75.08871548552005,75.65147027059079,74.48714925983838,75.44771575927734,4311200,0.0,0.0,-0.0006424171133370127,1.2594626702804297,75.034375,76.98953631616905,73.07921368383094,74.75396788497724,74.75396788497724,73.41612893060483,73.9906956638916,80.968505859375
2021-12-09 00:00:00-05:00,75.36037609850217,75.9716469370745,75.01108059146775,75.6805648803711,2928500,0.0,0.0,0.0030862315545334695,1.2633496637152062,75.01108818054199,76.92286913217396,73.09930722891002,74.75396788497724,74.75396788497724,73.41612893060483,73.9906956638916,80.64833068847656
2021-12-10 00:00:00-05:00,76.1657003279094,77.23298891569367,75.8649209501994,77.10685729980469,4294500,0.0,0.0,0.018846217938359056,1.2871590268099355,75.08288803100587,77.18862144648493,72.9771546155268,75.00623427488625,75.00623427488625,73.41612893060483,73.7736998198706,81.56036376953125
2021-12-13 00:00:00-05:00,76.9225046721014,78.83392533856026,76.9225046721014,78.7271957397461,5950900,0.0,0.0,0.021014193765429345,1.314207636006241,75.23376388549805,77.86965139109836,72.59787637989774,75.9570926388897,75.80670248631955,73.45493783493144,73.57116317074912,80.81327056884766
2021-12-14 00:00:00-05:00,78.78541381267846,79.89151389931888,78.65928218964928,79.68775939941406,7682500,0.0,0.0,0.01220116696196527,1.3302425027958427,75.41956939697266,78.69206989614642,72.1470688977989,76.51014803671086,76.33549676669887,73.90853466102192,73.57116317074912,81.62295532226562
2021-12-15 00:00:00-05:00,79.49370583558886,80.74534690631509,79.38697623558335,80.29902648925781,6124500,0.0,0.0,0.007670777726098921,1.340446497356599,75.65631408691407,79.56685589694781,71.74577227688032,76.97102685920427,76.76241327019696,73.99100846118127,73.57116317074912,81.62295532226562
2021-12-16 00:00:00-05:00,80.25051123175636,81.56036577062126,80.03705202938102,81.4536361694336,5237600,0.0,0.0,0.014378875195083962,1.359720610247777,75.96534309387206,80.62064494253035,71.31004124521378,78.02375751522982,77.16992270235005,74.10259146581328,73.61616074335002,79.74017333984375
2021-12-17 00:00:00-05:00,81.09464767531176,81.76412464291207,79.79449037416495,80.02735900878906,10299800,0.0,0.0,-0.017510294539554994,1.335911501870835,76.26078910827637,81.15622585569594,71.3653523608568,78.12563695137521,77.27180213849545,74.27238674781655,73.7859560253533,79.39874267578125
2021-12-20 00:00:00-05:00,79.64894080740167,80.38634326644136,79.38697287463096,80.06615447998047,5162300,0.0,0.0,0.0004847776019591965,1.3365591218451416,76.51887893676758,81.64252993956174,71.39522793397342,78.12563695137521,77.27180213849545,74.33989787831385,73.7859560253533,80.67668914794922
2021-12-21 00:00:00-05:00,79.86241553131909,80.2796292850444,79.33847216134829,79.64895629882812,4630800,0.0,0.0,-0.005210668401173901,1.3295947554626424,76.73864402770997,82.00303026213138,71.47425779328856,78.38760261718991,77.27180213849545,74.33989787831385,73.7859560253533,81.01811981201172
2021-12-22 00:00:00-05:00,79.73627715707975,80.09527741798007,79.45489977462142,80.00794982910156,3373000,0.0,0.0,0.004507196917013623,1.335587500845341,76.95840873718262,82.3827233952855,71.53409407907975,78.81452279655574,77.27180213849545,74.43449956418453,73.7859560253533,80.43280029296875
2021-12-23 00:00:00-05:00,80.01764854142559,80.54159182784653,79.76537790666188,80.32813262939453,3936400,0.0,0.0,0.0040018873246581155,1.3409323715359458,77.20242958068847,82.77170522934901,71.63315393202794,79.34331465750674,77.27180213849545,74.77651612402062,73.90723675916004,79.915771484375
2021-12-27 00:00:00-05:00,80.53188952208042,81.55066939873112,80.42515991966845,81.41483306884766,3189600,0.0,0.0,0.013528267169694796,1.3590728629145765,77.53474502563476,83.27584520611994,71.79364484514959,80.21170341628067,77.27180213849545,74.81047502702671,73.90723675916004,80.77424621582031
2021-12-28 00:00:00-05:00,81.40512576710097,82.15222555767406,81.33720760432159,81.94847106933594,2201000,0.0,0.0,0.006554554991680783,1.3679809807322512,77.86220855712891,83.82403373400727,71.90038338025055,80.74534885951118,77.46585259587644,74.606717264667,73.90723675916004,80.7059555053711
2021-12-29 00:00:00-05:00,82.0746022009203,82.55973404720315,81.74471609865972,82.38509368896484,2628900,0.0,0.0,0.005328014225664868,1.3752696028580316,78.34200439453124,84.13381518124167,72.55019360782082,80.94910310427572,77.669606840641,74.606717264667,73.90723675916004,79.13534545898438
2021-12-30 00:00:00-05:00,82.56944443909008,82.64706731644306,81.97758295369238,82.0746078491211,2772000,0.0,0.0,-0.0037687138041737622,1.37008660532128,78.788325881958,84.2748802386148,73.3017715253012,80.99276973889567,77.71327347526095,74.606717264667,73.90723675916004,79.13534545898438
2021-12-31 00:00:00-05:00,82.07460929656985,82.86052798921025,82.07460929656985,82.80230712890625,2940200,0.0,0.0,0.008866314428487954,1.382234223958318,79.26666564941407,84.38530325919201,74.14802803963612,81.09950007527928,77.82000381164454,74.606717264667,73.90723675916004,78.94023132324219
2022-01-03 00:00:00-05:00,82.03580381296963,82.27836975280393,81.00731919435519,82.0746078491211,5327000,0.0,0.0,-0.008788393766036906,1.37008660532128,79.64603843688965,84.39933822929727,74.89273864448204,81.09950007527928,77.82000381164454,74.69332036089523,73.90723675916004,78.8914566040039
2022-01-04 00:00:00-05:00,81.91936456178729,82.75379193675,81.67679863656615,82.34628295898438,4405100,0.0,0.0,0.003310099395938737,1.3746217281659376,79.95118637084961,84.571847057755,75.33052568394423,81.15771388191584,77.82000381164454,74.69332036089523,73.90723675916004,77.76959991455078
2022-01-05 00:00:00-05:00,82.1910383718338,83.06427719544017,82.1910383718338,82.68587493896484,4445900,0.0,0.0,0.004123950320254366,1.380290599882036,80.31066932678223,84.59169796819312,76.02964068537135,81.41482755105102,77.9218784147595,74.69332036089523,73.90723675916004,77.58424377441406
2022-01-06 00:00:00-05:00,82.45301645147505,83.0642799469856,81.657400475284,82.14253234863281,4154800,0.0,0.0,-0.006571165761178666,1.3712204815516145,80.64541015625,84.35635945622586,76.93446085627413,81.74471993332702,78.07226994310237,74.36828533294249,73.90723675916004,77.32085418701172
2022-01-07 00:00:00-05:00,82.25894796501447,82.40448898753876,81.60887312059981,81.92906188964844,2818200,0.0,0.0,-0.002598781080650814,1.3676569797067573,80.95783500671386,83.91176219222011,78.00390782120762,82.03579957067039,78.09653106054421,74.56476550576588,73.90723675916004,76.65748596191406
2022-01-10 00:00:00-05:00,81.78353418298659,81.99699339710742,80.81327041154651,81.22077941894531,4138000,0.0,0.0,-0.008645069946695116,1.3558334894541066,81.1635311126709,83.52363556110147,78.80342666424032,81.93877517926606,78.13049337953952,74.56476550576588,73.90723675916004,76.42335510253906
2022-01-11 00:00:00-05:00,80.93940432863425,81.0752406682799,79.97884524041845,80.69683837890625,3562400,0.0,0.0,-0.006450825069487687,1.347087244790285,81.2620132446289,83.35360798139466,79.17041850786315,81.52156259370201,78.77571460341198,74.56476550576588,73.90723675916004,77.21354675292969
2022-01-12 00:00:00-05:00,80.55129536301534,80.84237745659632,80.09527760677535,80.40576171875,5112700,0.0,0.0,-0.0036070392100062687,1.3422282482790273,81.2979133605957,83.30208757084807,79.29373915034333,81.52156259370201,78.77571460341198,74.75396788497724,74.0527790858794,77.603759765625
2022-01-13 00:00:00-05:00,80.34753924600778,80.37664597427671,79.53252124437803,80.0855712890625,6698400,0.0,0.0,-0.0039821826551122985,1.3368832502295287,81.28724060058593,83.31497005420688,79.25951114696498,81.29840059568181,78.77571460341198,74.75396788497724,74.0527790858794,76.92088317871094
2022-01-14 00:00:00-05:00,80.1534878738317,81.13345632051815,79.60043784006308,80.968505859375,4431900,0.0,0.0,0.011024889453876918,1.351622240276049,81.262984085083,83.29380907501483,79.23215909515118,81.29840059568181,79.03768026922667,74.75396788497724,74.0527790858794,76.71601867675781
2022-01-18 00:00:00-05:00,80.31843714320554,80.69683943754335,79.54223053540831,80.64833068847656,6746200,0.0,0.0,-0.003954317391684503,1.3462774969443378,81.29403266906738,83.26584455684673,79.32222078128802,81.29840059568181,79.4646004485925,74.75396788497724,74.0527790858794,73.73088836669922
2022-01-19 00:00:00-05:00,81.14315008490438,82.51122544700335,81.0170184695612,81.56036376953125,5614600,0.0,0.0,0.011308765764509454,1.3615022338113114,81.36874313354492,83.25950351992006,79.47798274716979,81.29840059568181,79.9933923095435,75.00623427488625,74.3050454757884,76.2282485961914
2022-01-20 00:00:00-05:00,81.40513206278015,82.13282989277666,80.76475441917118,80.81327056884766,6377000,0.0,0.0,-0.009160003292710717,1.3490308688665669,81.4269588470459,83.16639743080079,79.687520263291,81.0218733456907,80.86178106831744,75.88189756260462,75.1055136872217,75.0673599243164
2022-01-21 00:00:00-05:00,81.56442564434387,82.62775448784923,81.06690105380014,81.62295532226562,5690900,0.45,0.0,0.010019205357221228,1.3625470861749716,81.5077091217041,83.1201357536105,79.8952824897977,81.08013786611363,81.20137605416694,76.42282240170486,75.63430796760102,74.17963409423828
2022-01-24 00:00:00-05:00,82.12047991280937,82.67653418127486,80.2279409374857,81.62295532226562,7339800,0.0,0.0,0.0,1.3625470861749716,81.57245025634765,83.09045199784093,80.05444851485437,81.10452771282644,81.20137605416694,76.86672006470062,76.06122447109912,74.82347106933594
2022-01-25 00:00:00-05:00,81.15470257138375,81.2815193537689,79.49628975951647,79.74017333984375,7643300,0.0,0.0,-0.02306681956060319,1.3311174583953478,81.48871726989746,83.20620168445828,79.77123285533665,81.08641197039566,81.20137605416694,77.59684010878993,76.4687339032522,75.50635528564453
2022-01-26 00:00:00-05:00,77.97446337262076,79.72067080777457,77.64277781285097,79.39874267578125,7455000,0.0,0.0,-0.00428178984020211,1.3254178931858749,81.36123085021973,83.29111549047462,79.43134620996483,80.15965599706291,80.35352887991829,77.69871954493533,76.57061333939761,75.46733093261719
2022-01-27 00:00:00-05:00,79.95479580056683,81.56442899414826,79.60360283314046,80.67668914794922,6242100,0.0,0.0,0.016095298604240638,1.346750889952105,81.27581062316895,83.16730208809793,79.38431915823998,80.15965599706291,80.35352887991829,77.69871954493533,76.70563560039221,74.8039779663086
2022-01-28 00:00:00-05:00,79.95478364377533,81.13517915486442,78.55976941380905,81.01811981201172,5987300,0.0,0.0,0.004232085719784173,1.352450455161578,81.22298622131348,83.0806379509609,79.36533449166605,80.15965599706291,80.35352887991829,77.82970237784268,76.70563560039221,73.03825378417969
2022-01-31 00:00:00-05:00,80.22793898249837,80.87179519489332,79.55482537459172,80.43280029296875,6372200,0.0,0.0,-0.007224550759769577,1.3426796081981895,81.1045108795166,82.84118687662455,79.36783488240864,80.15965599706291,80.35352887991829,78.04316246752559,76.70563560039221,73.69186401367188
2022-02-01 00:00:00-05:00,80.72546677422821,80.92057066547017,79.52555625915471,79.915771484375,5174700,0.0,0.0,-0.006428084148637381,1.3340487506920322,80.9965690612793,82.74710145701638,79.24603666554222,80.15965599706291,80.35352887991829,78.30755839800109,76.70563560039221,72.03345489501953
2022-02-02 00:00:00-05:00,80.0523454464625,80.9986149457733,79.818219289157,80.77424621582031,6814700,0.0,0.0,0.010742244184092753,1.34837942812545,80.9179672241211,82.55535529506747,79.28057915317473,80.15965599706291,80.35352887991829,78.74175277738806,76.70563560039221,71.96515655517578
2022-02-03 00:00:00-05:00,80.75472775448263,81.23273747509745,80.36451254791021,80.7059555053711,4292100,0.0,0.0,-0.0008454515349700653,1.3472394386682192,80.8189712524414,82.23972992840284,79.39821257647996,80.15965599706291,80.35352887991829,79.10560072769381,76.89968605777321,72.15052032470703
2022-02-04 00:00:00-05:00,80.19867427835669,80.37427075087294,78.83292476353434,79.13534545898438,5173100,0.0,0.0,-0.019460894013976326,1.321020954740848,80.66861190795899,82.13355579279197,79.20366802312601,79.60360340349962,80.35352887991829,79.30935497245835,77.10344030253775,73.64308166503906
2022-02-07 00:00:00-05:00,79.47678097700593,79.73042198013742,78.40369473062269,79.13534545898438,3502800,0.0,0.0,0.0,1.321020954740848,80.52892608642578,82.01931555550982,79.03853661734175,79.60360340349962,80.35352887991829,79.35302160707832,77.1471069371577,73.31140899658203
2022-02-08 00:00:00-05:00,79.31093910910437,79.53530782321857,78.86218679540428,78.94023132324219,4014100,0.0,0.0,-0.0024655750803957988,1.3177638783941583,80.41489868164062,82.02182696995486,78.80797039332639,79.98406186238547,80.35352887991829,79.45975194346191,77.25383727354131,73.2918930053711
2022-02-09 00:00:00-05:00,79.11582531108945,79.36946629724906,78.34515236898814,78.8914566040039,3757200,0.0,0.0,-0.0006178689677074356,1.3169496729869328,80.3246295928955,82.05738816832532,78.59187101746569,79.78894492204279,80.35352887991829,79.45975194346191,77.42704346599777,70.43357849121094
2022-02-10 00:00:00-05:00,78.41344871815684,78.73537684132812,77.48669405867935,77.76959991455078,3728300,0.0,0.0,-0.014220255750686528,1.2982223118262757,80.19282150268555,82.2545672982033,78.1310757071678,79.3597157668884,80.27548700283248,79.48885884678019,77.42704346599777,72.33586883544922
2022-02-11 00:00:00-05:00,78.10127577647937,78.2671222684184,77.44766956416045,77.58424377441406,5658400,0.0,0.0,-0.0023834009733929573,1.2951281275045885,80.06775512695313,82.4259436062906,77.70956664761566,79.34020351962894,80.25597475557302,79.66835298290526,77.52891806911272,72.67730712890625
2022-02-14 00:00:00-05:00,77.61351002456082,77.98421783862064,76.10143625704949,77.32085418701172,5624200,0.0,0.0,-0.0033948850254722496,1.2907313164184553,79.88537254333497,82.4907725953646,77.27997249130533,78.66708686607348,79.38898521916218,79.90849493821469,77.52891944488543,71.8285903930664
2022-02-15 00:00:00-05:00,77.71106477680024,77.98421318597757,76.28677816997119,76.65748596191406,4422000,0.0,0.0,-0.008579421839976065,1.2796575879728338,79.68583030700684,82.62114373980175,76.75051687421193,78.66708686607348,79.38898521916218,80.0661653156073,77.92187979053222,71.84810638427734
2022-02-16 00:00:00-05:00,76.71601837581068,77.08671873824998,75.48684304790062,76.42335510253906,3825700,0.0,0.0,-0.003054246515354353,1.275749198243921,79.42897987365723,82.55801676930614,76.29994297800832,77.93055689938677,79.08168861458773,80.03463427940278,77.92187979053222,72.9504623413086
2022-02-17 00:00:00-05:00,76.2380123844599,77.40865064952901,75.97461393704059,77.21354675292969,3840700,0.0,0.0,0.010339661865543581,1.2889400135790015,79.24899368286133,82.45286641812734,76.04512094759531,77.60863251401902,79.08168861458773,80.148638598557,77.92187979053222,73.5455322265625
2022-02-18 00:00:00-05:00,77.36962616512953,77.70131171112995,77.00868322248763,77.603759765625,3351800,0.0,0.0,0.005053685902344673,1.2954539115545936,79.0480339050293,82.13174922127438,75.96431858878422,77.5110754355596,79.08168861458773,80.148638598557,77.92187979053222,74.3357162475586
2022-02-22 00:00:00-05:00,77.41840778874314,77.84764529094633,76.62822733490229,76.92088317871094,4752300,0.0,0.0,-0.008799529674547335,1.2840545264178604,78.81293029785157,81.78951980173848,75.83634079396465,77.42815467257483,79.08168861458773,80.0370575995469,77.92187979053222,74.49180603027344
2022-02-23 00:00:00-05:00,77.28183037117654,77.57448620285999,76.61846673286333,76.71601867675781,3703600,0.0,0.0,-0.0026633144795953356,1.2806346854050619,78.66172256469727,81.74114219182177,75.58230293757278,77.11110994461437,79.08168861458773,80.16804043245423,77.92187979053222,73.97477722167969
2022-02-24 00:00:00-05:00,76.22825393482418,76.5014023634958,73.61382156466718,73.73088836669922,7890900,0.0,0.0,-0.0389114341639184,1.2308033531558924,78.37832984924316,82.1151857200128,74.64147397847351,75.94047191654279,78.14517787297102,80.38150052213716,77.92187979053222,74.55033111572266
2022-02-25 00:00:00-05:00,74.1698706550559,76.43310990334768,74.11134097950723,76.2282485961914,5249900,0.0,0.0,0.03387128901894698,1.2724922492561248,78.15590782165528,81.84788206690648,74.46393357640407,75.79901970164391,78.14517787297102,80.64589645261265,77.92187979053222,74.7161636352539
2022-02-28 00:00:00-05:00,75.24295639255546,75.43806771434102,74.27717953860862,75.0673599243164,4801100,0.0,0.0,-0.015229113789884452,1.2531133199954572,77.85836982727051,81.53872372712634,74.17801592741468,75.79901737532236,78.14517787297102,80.94182720700407,77.92187979053222,75.55513000488281
2022-03-01 00:00:00-05:00,75.11614619260207,75.29174267621632,73.87722082241129,74.17963409423828,3966500,0.0,0.0,-0.011825723336655769,1.2382943485637128,77.54571151733398,81.35962071641283,73.73180231825513,75.73073342780675,78.14517787297102,81.1407569601403,77.92187979053222,76.8818588256836
2022-03-02 00:00:00-05:00,74.11133526264071,75.14539914549232,73.91622395463591,74.82347106933594,3952800,0.0,0.0,0.008679430452295245,1.2490420382415417,77.29109649658203,81.11815250708074,73.46404048608332,75.73073342780675,77.58912527940771,81.15295188349668,77.92187979053222,78.45246887207031
2022-03-03 00:00:00-05:00,74.94054361305307,76.0136298399685,74.94054361305307,75.50635528564453,3884400,0.0,0.0,0.009126604346860523,1.2604415507371685,77.02770195007324,80.57126196037325,73.48414193977322,75.73073342780675,77.58912527940771,81.1438940122813,77.92187979053222,78.28662872314453
2022-03-04 00:00:00-05:00,74.82347474864396,75.61366256013254,74.52106150978513,75.46733093261719,3670900,0.0,0.0,-0.0005168353429285677,1.2597901099960518,76.76577072143554,79.9337560923932,73.59778535047789,75.73073342780675,77.58912527940771,80.2565924384906,77.92187979053222,78.47198486328125
2022-03-07 00:00:00-05:00,75.02835415274265,75.35027484773161,74.00404005733769,74.8039779663086,4298600,0.0,0.0,-0.008789935434458163,1.2487166362682176,76.54920234680176,79.62968155771257,73.46872313589095,75.59415388376358,77.42327951988231,80.2565924384906,77.92187979053222,79.0182876586914
2022-03-08 00:00:00-05:00,74.89176295085531,75.17466878348395,72.95045182928453,73.03825378417969,5263700,0.0,0.0,-0.02360468293443141,1.2192410759941565,76.24434776306153,79.44647324593686,73.0422222801862,74.72592709639017,77.09159465219099,80.2565924384906,77.92187979053222,79.00852966308594
2022-03-09 00:00:00-05:00,74.31620538803253,74.76495028568323,73.59431206944107,73.69186401367188,7013200,0.0,0.0,0.008948875358158803,1.2301519124147757,75.981929397583,79.11609080306883,72.84776799209718,74.69178086631611,77.09159465219099,80.2565924384906,77.92187979053222,78.95975494384766
2022-03-10 00:00:00-05:00,73.31140999118972,73.53577873018479,71.54568770604654,72.03345489501953,6384200,0.0,0.0,-0.022504643366663468,1.2024677823390622,75.63902931213379,78.92355633210938,72.35450229215819,73.77965877300753,76.38921259057199,80.2565924384906,77.92187979053222,78.05250549316406
2022-03-11 00:00:00-05:00,72.39439399615968,73.34066338592754,71.89686945708611,71.96515655517578,4278900,0.0,0.0,-0.0009481474954003977,1.2013276655229377,75.34880714416504,78.85005393550239,71.84756035282768,73.77965877300753,76.38921259057199,80.2565924384906,77.92187979053222,78.6378173828125
2022-03-14 00:00:00-04:00,72.49195586193369,73.42846795378533,71.98468126987358,72.15052032470703,4080800,0.0,0.0,0.0025757432958424253,1.2044219772035185,75.07712097167969,78.68517733119089,71.4690646121685,73.77965877300753,75.95997922845973,80.2565924384906,77.92187979053222,80.00176239013672
2022-03-15 00:00:00-04:00,72.96996806419978,73.88696523819117,72.6968122103712,73.64308166503906,4319400,0.0,0.0,0.020686771676973192,1.2293375796486563,74.89323234558105,78.39740641006637,71.38905828109574,73.77965877300753,75.63805484309198,79.97856614170895,77.92187979053222,80.56108093261719
2022-03-16 00:00:00-04:00,73.68210937578706,74.0430597701153,72.61878049076557,73.31140899658203,4519900,0.0,0.0,-0.004503785840544006,1.2238009064641862,74.72592849731446,78.19617722281934,71.25567977180957,73.57967513308954,75.54049776463256,79.97856614170895,77.92187979053222,79.57982635498047
2022-03-17 00:00:00-04:00,73.32116528775742,73.5845562873429,72.78461841838791,73.2918930053711,4187800,0.0,0.0,-0.00026620674023392077,1.223475122414181,74.56935539245606,78.00107892871664,71.13763185619548,73.44798127688907,75.45757700164779,80.16879537115187,77.92187979053222,80.2765121459961
2022-03-18 00:00:00-04:00,73.54553551116774,73.55529293882765,70.43357849121094,70.43357849121094,14746300,0.0,0.0,-0.03899905428763706,1.175760749695577,74.23035697937011,77.88504395767887,70.57567000106135,72.80412363734744,74.58447766626952,80.07123690098054,77.92187979053222,79.01069641113281
2022-03-21 00:00:00-04:00,71.79932200075812,72.38464108413463,71.07742871268498,72.33586883544922,10092700,0.0,0.0,0.027008287595037705,1.2075160341663125,73.96696243286132,77.35827225649203,70.57565260923062,72.59926438844708,74.35035037981467,79.81760138486044,77.92187979053222,79.1775131225586
2022-03-22 00:00:00-04:00,72.56024033065586,72.86266103211865,71.67250796614978,72.67730712890625,4958700,0.0,0.0,0.004720179614262188,1.213215726734679,73.7547836303711,76.89977665640879,70.6097906043334,72.23831913066311,74.20889816491578,79.79808913760098,77.92187979053222,79.69757843017578
2022-03-23 00:00:00-04:00,72.87241183360933,73.07728059352851,71.74079587544647,71.8285903930664,3875900,0.0,0.0,-0.011677878135117115,1.1990479413262638,73.51041221618652,76.4475336286747,70.57329080369834,72.23831913066311,74.20889583859426,79.02803604261783,78.07226994310237,75.60574340820312
2022-03-24 00:00:00-04:00,71.85786381174603,72.19929934578538,71.3798466213545,71.84810638427734,3539500,0.0,0.0,0.0002717022720917228,1.199373725376269,73.41627311706543,76.43946998263385,70.393076251497,72.23831913066311,74.14061189107863,79.02803604261783,78.09653106054421,73.77079010009766
2022-03-25 00:00:00-04:00,72.10175216386098,73.22361078658997,71.97492792659682,72.9504623413086,4401000,0.0,0.0,0.015342867230700996,1.2177755572047084,73.25238380432128,75.98665179714628,70.51811581149629,72.23831913066311,74.14061189107863,78.50612275698725,78.13049337953952,73.0937271118164
2022-03-28 00:00:00-04:00,73.0089853702786,73.57479706549867,73.0089853702786,73.5455322265625,3646200,0.0,0.0,0.008157177708755237,1.2277091688342057,73.1762924194336,75.78476775691695,70.56781708195024,72.23831913066311,74.14061189107863,78.34516056430337,78.77571460341198,75.55667114257812
2022-03-29 00:00:00-04:00,74.27718656685269,74.91128539786753,73.89672875679112,74.3357162475586,4651500,0.0,0.0,0.010744147157190742,1.2408998568103926,73.18409652709961,75.80557515965293,70.56261789454629,72.67243194453923,74.14061189107863,78.29638202507367,78.77571460341198,74.66373443603516
2022-03-30 00:00:00-04:00,73.70162556226043,74.51131344311592,73.54553648857375,74.49180603027344,4191400,0.0,0.0,0.002099795234299151,1.2435054924159656,73.16751327514649,75.75080751373137,70.5842190365616,72.67243194453923,74.00403234703546,78.25492164358128,78.77571460341198,75.39967346191406
2022-03-31 00:00:00-04:00,74.33572019551785,74.51131668969808,73.53578226486064,73.97477722167969,7711400,0.0,0.0,-0.0069407473941983655,1.234874634909808,73.09093437194824,75.47325333578593,70.70861540811055,72.99435705527625,73.46749042735337,78.09639927960106,79.03768026922667,76.21411895751953
2022-04-01 00:00:00-04:00,74.01379170415832,74.56984597009881,73.27238353532559,74.55033111572266,6464700,0.0,0.0,0.007780407263927369,1.2444824624893,73.04508438110352,75.2712373519705,70.81893141023654,73.14556600961102,73.43334419727931,77.0428248947569,78.33905075582638,75.23286437988281
2022-04-04 00:00:00-04:00,73.9650055476084,74.75518589786004,73.04800098320288,74.7161636352539,4791900,0.0,0.0,0.002224437062175344,1.2472507354020885,73.04069366455079,75.25310851414311,70.82827881495847,73.14556600961102,73.22360416558972,76.97209878730746,78.33905075582638,75.31136322021484
2022-04-05 00:00:00-04:00,74.4137566382807,75.90632295502748,74.4137566382807,75.55513000488281,4398500,0.0,0.0,0.011228713156694381,1.2612557561443947,73.16653747558594,75.63818851354075,70.69488643763113,73.64308478819099,73.22360416558972,76.9720976241467,78.33905075582638,76.09637451171875
2022-04-06 00:00:00-04:00,75.2917405335169,76.95014593166042,74.84299563099262,76.8818588256836,9991400,0.0,0.0,0.017559745059204213,1.283403085676744,73.32603721618652,76.2826115087884,70.36946292358463,74.46253692912862,73.69186221143568,76.93795565038889,78.33905075582638,76.93043518066406
2022-04-07 00:00:00-04:00,76.94039512930115,78.64758020331348,76.68675412005315,78.45246887207031,8557200,0.0,0.0,0.02042887711583319,1.3096215696041154,73.64698791503906,77.29398281972894,69.99999301034919,75.82828278679604,74.54057934726221,76.65992935360723,78.33905075582638,77.2542495727539
2022-04-08 00:00:00-04:00,78.46222519742926,78.58904197890416,77.86714867028304,78.28662872314453,6428000,0.0,0.0,-0.002113893307758241,1.3068531693324335,73.9630615234375,78.04681803152825,69.87930501534676,75.84779059325818,74.54057934726221,76.65992935360723,78.33905075582638,77.29349517822266
2022-04-11 00:00:00-04:00,78.40369775704102,78.85244266129628,78.00372510425086,78.47198486328125,9495700,0.0,0.0,0.0023676602653592838,1.3099473536541206,74.27913475036621,78.71979010631667,69.83847939441576,75.95022182224957,74.6430105762536,76.65992935360723,78.33905075582638,74.29085540771484
2022-04-12 00:00:00-04:00,78.22810716378031,79.23290642094798,78.13054776803682,79.0182876586914,6488300,0.0,0.0,0.006961755795548585,1.3190668872352858,74.54789505004882,79.43528891581612,69.66050118428153,76.14045370207543,74.83324245607946,76.50871670182295,78.33905075582638,73.71192169189453
2022-04-13 00:00:00-04:00,79.01828709113758,79.36948007362825,78.8524480279439,79.00852966308594,4481200,0.0,0.0,-0.00012349034501502043,1.3189039952102832,74.83275108337402,80.05504784621124,69.6104543205368,76.20874052841557,74.9015292824196,75.90876087429058,78.00736588813507,73.72172546386719
2022-04-14 00:00:00-04:00,79.36947759638642,79.47678697339467,78.8914678350912,78.95975494384766,7663700,0.0,0.0,-0.000617334855442464,1.3180897898030577,75.11614418029785,80.58526629069883,69.64702206989688,76.26239397829877,74.9551827323028,75.89168775925356,78.00736588813507,75.08567810058594
2022-04-18 00:00:00-04:00,78.88170820281472,79.19387889736802,77.76959963829756,78.05250549316406,5230900,0.0,0.0,-0.011490023637089397,1.3029449069624144,75.49709053039551,80.65795203790593,70.33622902288509,76.94527180583768,74.9551827323028,75.08443568178976,77.30498382651606,76.65569305419922
2022-04-19 00:00:00-04:00,77.89640926040933,78.90120835850618,77.8476370129957,78.6378173828125,4644600,0.0,0.0,0.00749895068646711,1.312715626566909,75.81218795776367,80.93145391790048,70.69292199762685,77.15989130219364,74.9551827323028,75.08443568178976,77.30498382651606,76.03749084472656
2022-04-20 00:00:00-04:00,78.73594185447784,80.2667055763646,78.7163200378318,80.00176239013672,8789900,0.47,0.0,0.01734464476149533,1.335484212782576,76.1784107208252,81.3963087215784,70.960512720072,78.47672984820888,75.35014203378776,74.86981900073363,77.30498382651606,76.69493865966797
2022-04-21 00:00:00-04:00,80.07045314680784,80.97320647596442,79.9625144350189,80.56108093261719,4661100,0.0,0.0,0.006991327762917221,1.3448210206363405,76.61503524780274,81.76416603887226,71.46590445673321,79.37140305713099,75.70339248358768,74.70885680804975,77.30498382651606,77.3818130493164
2022-04-22 00:00:00-04:00,81.44421346162005,81.8269025404204,79.491516945897,79.57982635498047,6136800,0.0,0.0,-0.012180255854032818,1.3284407565271084,77.00162124633789,81.80703241342874,72.19621007924704,79.79825108935898,76.13024051581567,74.56008644886106,77.30498382651606,77.33274841308594
2022-04-25 00:00:00-04:00,79.95270351223215,80.6199575690316,78.55931497636072,80.2765121459961,5778300,0.0,0.0,0.008754552792160197,1.3400706612613822,77.36792373657227,81.99388782657641,72.74195964656812,79.79825108935898,76.13024051581567,74.45277913926843,77.30498382651606,76.73418426513672
2022-04-26 00:00:00-04:00,80.3942703794646,80.82602523251327,78.93220165398523,79.01069641113281,4716400,0.0,0.0,-0.015768195466205448,1.3189401651360855,77.64118194580078,81.96427318816181,73.31809070343975,79.79825108935898,76.4521656265527,73.69430065180848,76.74892921909827,77.78412628173828
2022-04-27 00:00:00-04:00,78.77519475157409,80.1685758428353,78.69669251044749,79.1775131225586,4415500,0.0,0.0,0.002111318074678792,1.321724867346157,77.88327178955078,81.97230700062966,73.7942365784719,79.79825108935898,76.60337458088745,73.47480738413088,76.74892921909827,77.45050048828125
2022-04-28 00:00:00-04:00,79.35414047865557,80.00176526061,78.75557398326926,79.69757843017578,5400200,0.0,0.0,0.006568346075888742,1.3304064136919946,78.1435604095459,81.98884309927895,74.29827771981284,79.79825108935898,76.60337458088745,73.22360864778945,76.74892921909827,77.30331420898438
2022-04-29 00:00:00-04:00,76.28280464952334,76.48886741743695,74.75204838137324,75.60574340820312,14943400,0.0,0.0,-0.051342024470135805,1.2621006550449947,78.22510871887206,81.76738350208969,74.68283393565444,78.28947546089682,76.60337458088745,73.22360748462869,76.5550563362429,77.23462677001953
2022-05-02 00:00:00-04:00,75.62536242913592,75.91974207892012,72.81897105036559,73.77079010009766,7133000,0.0,0.0,-0.024270025336545764,1.2314694401697817,78.18613166809082,81.90403896564186,74.46822437053979,77.32293679539299,76.90091523350861,73.18946551087087,76.5550563362429,76.4103775024414
2022-05-03 00:00:00-04:00,73.46660902887932,74.04554623596069,72.54422637473766,73.0937271118164,6073200,0.0,0.0,-0.009177927840579692,1.2201671025100242,78.10500984191894,82.17993569016022,74.03008399367766,77.18556445757903,77.18556445757903,73.18946551087087,76.5550563362429,75.40948486328125
2022-05-04 00:00:00-04:00,73.07409600285789,76.09636464529345,72.90728436979502,75.55667114257812,8806000,0.0,0.0,0.033695696307755485,1.261281482640916,78.1050868988037,82.17981781390493,74.03035598370248,77.18556445757903,77.18556445757903,73.18946551087087,76.5550563362429,75.193603515625
2022-05-05 00:00:00-04:00,75.05623817029227,75.42912008671024,74.14367016985857,74.66373443603516,5056300,0.0,0.0,-0.01181810544376638,1.2463755250847957,77.99418067932129,82.31224393456604,73.67611742407654,76.68512580362547,77.18556445757903,73.40652191780893,76.5550563362429,74.76187133789062
2022-05-06 00:00:00-04:00,74.64410997647765,75.61555088243469,74.34973031460666,75.39967346191406,5379600,0.0,0.0,0.009856713321905852,1.2586606913269964,77.84154090881347,82.2991210683572,73.38396074926975,76.68512580362547,77.18556445757903,73.33823214578734,76.5550563362429,72.87785339355469
2022-05-09 00:00:00-04:00,74.91886189382815,76.96968994506463,74.63429687780081,76.21411895751953,5666800,0.0,0.0,0.010801711177394813,1.2722563805850506,77.73791542053223,82.24591304506097,73.22991779600349,76.35640110878649,77.18556445757903,73.23092374131481,76.5550563362429,72.7699203491211
2022-05-10 00:00:00-04:00,76.20431280535986,76.52812146079951,74.94829936007109,75.23286437988281,6030700,0.0,0.0,-0.012874971082243336,1.2558761164758185,77.57595939636231,82.19935850104453,72.95256029168009,76.27299581767383,77.18556445757903,73.28945510344516,76.5550563362429,72.53440856933594
2022-05-11 00:00:00-04:00,75.37023615738201,76.596805590936,75.06604933350405,75.31136322021484,5555500,0.0,0.0,0.0010434115592841131,1.2571865121327783,77.39061317443847,82.0653530378567,72.71587331102025,74.75695815990115,77.18556445757903,73.18458508760037,76.5550563362429,72.65216064453125
2022-05-12 00:00:00-04:00,75.96880649287225,76.42018316894688,75.28193056979916,76.09637451171875,5244700,0.0,0.0,0.010423543777962063,1.2702908507790578,77.24500541687011,81.89009681521776,72.59991401852247,74.75695815990115,77.18556445757903,73.43334447689035,76.5550563362429,75.02680206298828
2022-05-13 00:00:00-04:00,76.3907416436881,76.96968630029737,75.53705412241689,76.93043518066406,5068600,0.0,0.0,0.01096058352710183,1.284213979752735,77.14353942871094,81.72182932638043,72.56524953104145,74.75695815990115,77.18556445757903,74.07719957028215,76.5550563362429,76.44962310791016
2022-05-16 00:00:00-04:00,76.67530492911001,77.75468449250381,76.15524070679025,77.2542495727539,3981100,0.0,0.0,0.004209184457742765,1.289619473276726,77.10362663269044,81.66320137604774,72.54405188933313,75.33098443114942,77.18556445757903,75.18443106702912,75.9990037426796,77.40142822265625
2022-05-17 00:00:00-04:00,77.03837412938537,77.41124853749143,75.9982381718085,77.29349517822266,4017100,0.0,0.0,0.0005080057820223693,1.2902746074257594,77.03641052246094,81.54227772143291,72.53054332348897,75.94917733118119,77.18556445757903,75.1941849702602,75.9990037426796,78.87332153320312
2022-05-18 00:00:00-04:00,76.81268182476488,76.99912277143397,74.09460729592625,74.29085540771484,4590300,0.0,0.0,-0.038847250516804155,1.2401509865156197,76.75086517333985,81.19151018613559,72.3102201605441,75.92464589421503,77.18556445757903,75.29661619925159,75.9990037426796,78.3826904296875
2022-05-19 00:00:00-04:00,73.27035219009815,73.94742093435438,72.53441050682343,73.71192169189453,5477100,0.0,0.0,-0.007792799162737785,1.2304867389462324,76.40840721130371,80.67185691994686,72.14495750266056,75.14454749966362,77.18065652362192,75.48684807907745,75.8331579831542,77.40142822265625
2022-05-20 00:00:00-04:00,73.96703934699966,74.21235323013211,72.48534888307724,73.72172546386719,6937200,0.0,0.0,0.00013300117196290984,1.230650395124597,76.11550216674804,80.26952764553842,71.96147668795767,75.12001668779052,77.15612571174881,75.55513490541759,75.8331579831542,78.17662811279297
2022-05-23 00:00:00-04:00,74.16330289191781,75.34080666256862,73.95724010637323,75.08567810058594,3754700,0.0,0.0,0.018501366159521915,1.2534191086991575,75.85596046447753,79.55694013620678,72.15498079274829,75.12001668779052,77.15612571174881,75.60878835530079,75.8331579831542,78.6378173828125
2022-05-24 00:00:00-04:00,75.20343141749248,76.83231936830697,74.92868103696627,76.65569305419922,3539700,0.0,0.0,0.020909646064727117,1.2796276586328226,75.73821029663085,79.16723866337728,72.30918192988443,75.12001668779052,77.15612571174881,75.95022726907024,75.8331579831542,80.43351745605469
2022-05-25 00:00:00-04:00,75.86086454540838,76.46924568447896,75.42911719204176,76.03749084472656,3733900,0.0,0.0,-0.00806466140793427,1.2693078948377212,75.58120918273926,78.62834045594826,72.53407790953025,75.12001668779052,77.15612571174881,76.05753701724822,75.8331579831542,79.48170471191406
2022-05-26 00:00:00-04:00,76.92062324755324,77.23462472933097,76.12580863445024,76.69493865966797,4139100,0.0,0.0,0.008646363887571784,1.2802827927818559,75.43107719421387,77.88437280149736,72.97778158693038,75.12001668779052,77.15612571174881,76.91343594099831,75.40392462104194,79.50132751464844
2022-05-27 00:00:00-04:00,76.92062174432135,77.58787581585737,76.675307857527,77.3818130493164,2742300,0.0,0.0,0.008955928535211877,1.2917489139788716,75.51988067626954,78.11795826477417,72.9218030877649,75.0366123494673,77.15612571174881,77.53739777035933,75.70339248358768,77.97056579589844
2022-05-31 00:00:00-04:00,77.04818340185919,77.82337619387981,76.37112215510601,77.33274841308594,5916500,0.0,0.0,-0.0006340590158981918,1.2909298689336866,75.69797859191894,78.28016263587455,73.11579454796333,75.15436253847852,76.65568705779526,77.96424580258733,76.13024051581567,76.8813705444336
2022-06-01 00:00:00-04:00,77.52900638503972,77.5780646727859,76.45943389732277,76.73418426513672,3963400,0.0,0.0,-0.007740112180571801,1.280937926930889,75.88000144958497,78.19937964057381,73.56062325859612,75.15436253847852,76.65568705779526,77.96424580258733,76.13024051581567,77.22481536865234
2022-06-02 00:00:00-04:00,77.03837743354119,77.81357023760752,75.81180796249684,77.78412628173828,3588900,0.0,0.0,0.013682845874450678,1.2984648031598227,75.99137420654297,78.4492789462829,73.53346946680304,75.15436253847852,76.32696236295627,78.12520835795584,76.13024051581567,76.84212493896484
2022-06-03 00:00:00-04:00,77.53880989389117,78.06868878670781,77.28368884231648,77.45050048828125,3150100,0.0,0.0,-0.004289124393434984,1.292895526098573,76.13071250915527,78.58771710426623,73.67370791404431,76.01296444654052,76.24355707184361,78.20081283512322,76.13024051581567,76.95986938476562
2022-06-06 00:00:00-04:00,77.71543976019356,78.18644573756553,77.11687325117667,77.30331420898438,2715500,0.0,0.0,-0.0019003915839013175,1.2904385183219116,76.22589454650878,78.70988169130189,73.74190740171568,76.5575633872659,75.33589731032139,78.20081283512322,76.13024051581567,76.8715591430664
2022-06-07 00:00:00-04:00,76.52812154575592,77.28369254418797,76.14543246367747,77.23462677001953,6609400,0.0,0.0,-0.0008885445555303351,1.2892919062022101,76.27691993713378,78.79988877275527,73.7539511015123,76.80778146480364,75.33589731032139,77.44642502089214,76.13024051581567,76.68511962890625
2022-06-08 00:00:00-04:00,77.10706809133862,77.12668990964596,76.3220606040928,76.4103775024414,3131300,0.0,0.0,-0.01067201722916955,1.2755325607657912,76.33579559326172,78.81259972843924,73.8589914580842,76.99912685003119,75.33589731032139,77.1119260144508,76.13024051581567,75.67443084716797
2022-06-09 00:00:00-04:00,76.6262396062227,77.4308763158028,75.28192434137452,75.40948486328125,6327300,0.0,0.0,-0.013098909753824661,1.2588244748642552,76.34070167541503,78.80966102711686,73.8717423237132,76.73418503947002,75.33589731032139,77.18556445757903,76.13024051581567,76.07673645019531
2022-06-10 00:00:00-04:00,74.75204155135317,75.80198459843926,73.7413496211956,75.193603515625,4294600,0.0,0.0,-0.002862787725544713,1.2552207276089986,76.29556312561036,78.81379644922552,73.7773298019952,75.96389767938057,75.33589731032139,77.18556445757903,76.13024051581567,74.6452407836914
2022-06-13 00:00:00-04:00,74.01611493803908,75.38987436311723,74.01611493803908,74.76187133789062,4490600,0.0,0.0,-0.005741607763812828,1.24801374253406,76.18713493347168,78.7732623017829,73.60100756516046,75.96389767938057,75.33589731032139,76.93534513060226,76.13024051581567,75.18822479248047
2022-06-14 00:00:00-04:00,74.43805376060016,74.61468007599424,72.2792943381271,72.87785339355469,3960400,0.0,0.0,-0.025200251286127018,1.216563482613662,75.96831512451172,78.88009055916196,73.05653968986148,75.23287003784631,75.23287003784631,76.93534513060226,76.13024051581567,76.48150634765625
2022-06-15 00:00:00-04:00,72.98579029688679,74.05536281526159,71.69053317836132,72.7699203491211,6023400,0.0,0.0,-0.0014810129471121147,1.2147617363449275,75.74213638305665,78.9020172249994,72.5822555411139,74.93848945796343,74.93848945796343,76.77098278318276,76.13024051581567,76.85665893554688
2022-06-16 00:00:00-04:00,72.05359544529433,73.37828894252736,71.32746843338046,72.53440856933594,5342900,0.0,0.0,-0.00323638913791946,1.2108302946562606,75.6543140411377,79.06140011529412,72.24722796698127,74.756957085473,74.756957085473,76.72928013762643,76.13024051581567,77.52798461914062
2022-06-17 00:00:00-04:00,72.27928623666487,73.03484970392678,71.64146864221046,72.65216064453125,11016400,0.0,0.0,0.0016233960890816856,1.212795951821147,75.60132598876953,79.15890409072243,72.04374788681663,74.37917237459163,74.756957085473,75.97126130874008,76.13024051581567,77.75505828857422
2022-06-21 00:00:00-04:00,73.4960457270112,75.1445554297504,73.00541792841484,75.02680206298828,4456700,0.0,0.0,0.03268507636098472,1.2524362801167144,75.66657981872558,79.12946397424449,72.20369566320667,74.37917237459163,74.756957085473,75.97126130874008,76.13024051581567,78.1795654296875
2022-06-22 00:00:00-04:00,75.0954856644614,76.68512234253292,74.92867401853634,76.44962310791016,4653700,0.0,0.0,0.018964170213830345,1.2761876949148243,75.73477706909179,79.20299061685166,72.26656352133192,74.37917237459163,74.756957085473,75.97126130874008,76.13024051581567,77.73530578613281
2022-06-23 00:00:00-04:00,76.68511592707598,77.69580785609625,76.655679461009,77.40142822265625,3932400,0.0,0.0,0.012450095579969123,1.2920763536944944,75.77206382751464,79.29527769863424,72.24884995639505,74.51163814473836,74.756957085473,76.25827444436422,76.13024051581567,80.06519317626953
2022-06-24 00:00:00-04:00,77.8920659443962,79.01069671672522,77.68600316911305,78.87332153320312,5193400,0.0,0.0,0.01901635853944139,1.316646940896683,75.91385536193847,79.69037617909186,72.13733454478509,75.16908257505284,75.16908257505284,76.5673708943801,76.13024051581567,79.23591613769531
2022-06-27 00:00:00-04:00,78.06868895398105,78.83406708311644,77.87244083905915,78.3826904296875,4564600,0.0,0.0,-0.006220495016291183,1.3084567451626201,75.99824295043945,79.91517198540262,72.08131391547627,75.16908257505284,75.16908257505284,76.55510517589704,76.13024051581567,80.39098358154297
2022-06-28 00:00:00-04:00,78.50043703626254,78.86350425265388,77.29348952282058,77.40142822265625,3193800,0.0,0.0,-0.012518863560973092,1.2920763536944944,75.99922370910645,79.91756282099037,72.08088459722252,75.16908257505284,75.16908257505284,76.16260201164278,76.13024051581567,79.85787200927734
2022-06-29 00:00:00-04:00,77.73506610848588,78.49062959030563,77.49956687194782,78.17662811279297,2156900,0.0,0.0,0.010015317649006983,1.3050169088035155,76.04141769409179,80.03456550543248,72.0482698827511,75.16908257505284,75.16908257505284,76.13807119976967,76.13024051581567,79.40373992919922
2022-06-30 00:00:00-04:00,77.9215050400417,79.05975755913518,77.52900133172528,78.6378173828125,3565600,0.0,0.0,0.005899324147802032,1.31271562656691,76.13659934997558,80.28082144826445,71.99237725168672,75.35061310067282,75.19361299625783,76.13807119976967,76.13024051581567,79.77889251708984
2022-07-01 00:00:00-04:00,79.04013639214686,80.48257574100643,78.84388079318305,80.43351745605469,4252900,0.0,0.0,0.022835070110105438,1.3426915799341963,76.26906890869141,80.77328138747187,71.76485642991095,76.74399683471063,75.90502208719344,76.13807119976967,76.13024051581567,79.03846740722656
2022-07-05 00:00:00-04:00,79.80552086117677,80.31577048630506,78.5887585099568,79.48170471191406,3068500,0.0,0.0,-0.011833533758618175,1.3268027937956326,76.37062911987304,81.06645830373614,71.67479993600995,77.70562487977139,75.90502208719344,76.13807119976967,76.13024051581567,79.31488800048828
2022-07-06 00:00:00-04:00,79.87420944376943,80.43352485106459,79.43263992029242,79.50132751464844,4797900,0.0,0.0,0.00024688452274013173,1.327130360870149,76.48052978515625,81.35985344703866,71.60120612327384,78.56912760100772,75.90502208719344,76.13807119976967,76.13024051581567,78.48560333251953
2022-07-07 00:00:00-04:00,79.17751342710861,79.23638636498713,76.85193505789184,77.97056579589844,5148000,0.0,0.0,-0.01925454286870809,1.3015770724444107,76.5173267364502,81.43019240404671,71.6044610688537,78.66725539944913,75.90502208719344,76.09636903060806,76.13024051581567,79.2655258178711
2022-07-08 00:00:00-04:00,77.80375315346832,78.08831816022128,76.76362467018113,76.8813705444336,3668500,0.0,0.0,-0.013969313167689457,1.2833949347075502,76.5408763885498,81.4560050249424,71.62574775215721,78.62310020559377,75.90502208719344,75.90502479813689,76.13024051581567,80.20340728759766
2022-07-11 00:00:00-04:00,77.0285672364897,77.5093804007586,76.62624883325405,77.22481536865234,5459600,0.0,0.0,0.004467204756973597,1.2891281226649516,76.63164291381835,81.52663435379613,71.73665147384058,78.55441228713025,75.90502208719344,75.90502479813689,76.13024051581567,81.13141632080078
2022-07-12 00:00:00-04:00,77.13650461849421,77.84300986025572,76.48887231808409,76.84212493896484,3074500,0.0,0.0,-0.004955536997539367,1.2827398005585169,76.71406898498535,81.56425514598074,71.86388282398995,78.48572402954525,75.90502208719344,75.7406624507174,76.4521656265527,81.12153625488281
2022-07-13 00:00:00-04:00,76.44961981731451,77.70562566308838,76.44961981731451,76.95986938476562,3343300,0.0,0.0,0.001532290340673148,1.2847053303645097,76.8239688873291,81.59021703691835,72.05772073773986,78.46609777916046,75.90502208719344,76.12826075919207,76.60337458088745,81.79286193847656
2022-07-14 00:00:00-04:00,75.90993285954518,76.999127160748,75.6449896585034,76.8715591430664,5753200,0.0,0.0,-0.001147484298052892,1.2832311511702916,77.02365417480469,81.42909136278193,72.61821698682745,78.06378269975491,75.90502208719344,75.94673034879364,76.60337458088745,82.20750427246094
2022-07-15 00:00:00-04:00,77.27387143782208,77.50937066411134,76.50849333759295,76.68511962890625,4830600,0.0,0.0,-0.002425338008471667,1.2801188818857034,77.21941413879395,81.17132706028146,73.26750121730645,78.03925725478399,75.90502208719344,76.0718393875625,76.60337458088745,80.91421508789062
2022-07-18 00:00:00-04:00,76.54774768932741,76.70474468468913,75.52724101712616,75.67443084716797,3526600,0.0,0.0,-0.013179724914418767,1.2632472671646966,77.37641525268555,80.77680450181865,73.97602600355245,77.98038293409537,75.90502208719344,76.1675120801763,76.90091523350861,79.9269790649414
2022-07-19 00:00:00-04:00,76.03748533248276,76.45942548991117,75.82160792825633,76.07673645019531,3712500,0.0,0.0,0.005316268632926224,1.269963028986754,77.54764404296876,80.24450056252577,74.85078752341174,77.38181369105664,75.90502208719344,76.0350411748957,77.15612571174881,79.96647644042969
2022-07-20 00:00:00-04:00,76.14584274766707,76.19520777621159,74.23060165928251,74.6452407836914,5405900,0.47,0.0,-0.018816470491489268,1.2460668071265424,77.5285659790039,80.30164261260988,74.75548934539792,76.15945990975189,75.90502208719344,75.64989749485098,77.15612571174881,79.88748931884766
2022-07-21 00:00:00-04:00,74.5169010878317,75.29681429589598,74.31944850879044,75.18822479248047,4054400,0.0,0.0,0.007274194618281493,1.2551309395889614,77.46549606323242,80.38883794808005,74.54215417838479,76.03680575976912,75.90502208719344,75.64989749485098,77.15612571174881,78.19931030273438
2022-07-22 00:00:00-04:00,75.1882239801038,76.53086384284897,75.08949392562704,76.48150634765625,2537700,0.0,0.0,0.017200586378322447,1.2767199277314663,77.41949996948242,80.37454814580657,74.46445179315826,76.03680575976912,75.90502208719344,75.23287003784631,77.05309843927375,78.574462890625
2022-07-25 00:00:00-04:00,76.51112632307766,77.15283405026108,76.30380675559614,76.85665893554688,2427800,0.0,0.0,0.004905141200871821,1.282982419250956,77.31866683959962,80.20447690588259,74.43285677331664,75.96811366118544,75.90502208719344,74.93848945796343,76.75871785939086,77.99198913574219
2022-07-26 00:00:00-04:00,76.33342468193989,77.6069656559918,76.16559562766581,77.52798461914062,2572400,0.0,0.0,0.008734775787700322,1.2941889830226745,77.27593154907227,80.12206317237285,74.42979992577169,75.91878365763716,76.06202219160843,74.756957085473,76.57718548690043,77.21206665039062
2022-07-27 00:00:00-04:00,77.18245703212514,78.00186839579743,76.75794334641935,77.75505828857422,2421400,0.0,0.0,0.002928925220345935,1.2979795657749436,77.29361305236816,80.14710770388405,74.44011840085227,76.11623502753997,76.74399683471063,74.56806473003232,76.57718548690043,78.78178405761719
2022-07-28 00:00:00-04:00,78.02160335890558,78.68305258320113,77.50824169295655,78.1795654296875,5078100,0.0,0.0,0.0054595437320335005,1.3050659419775776,77.29375991821288,80.1474386350869,74.44008120133887,76.45682712124182,77.35658870014447,74.56806473003232,76.57718548690043,77.17257690429688
2022-07-29 00:00:00-04:00,77.59709273483172,78.14995247208249,76.30381024106589,77.73530578613281,5749800,0.0,0.0,-0.0056825545283216705,1.2976498335992346,77.2486343383789,80.04316718620346,74.45410149055435,76.45682712124182,77.35658870014447,74.56806473003232,76.57718548690043,76.77767944335938
2022-08-01 00:00:00-04:00,77.95249936920398,80.65753589685912,77.75505430635623,80.06519317626953,6899200,0.0,0.0,0.0299720618138013,1.33654307462454,77.23021812438965,79.94335417338759,74.51708207539171,77.44406877807081,77.44406877807081,74.63429761510568,76.57718548690043,77.54773712158203
2022-08-02 00:00:00-04:00,80.47983361116049,80.51932413076919,79.08782857217429,79.23591613769531,20428800,0.0,0.0,-0.010357522484814363,1.3226997996771934,77.21792869567871,79.89167737987256,74.54418001148485,77.48849220282477,77.44406877807081,75.16908257505284,76.57718548690043,76.84678649902344
2022-08-03 00:00:00-04:00,78.9792295520188,80.71677471113615,78.45599336136407,80.39098358154297,3587300,0.0,0.0,0.01457757416271166,1.3419815541019915,77.26241149902344,80.11239964593119,74.4124233521157,77.9031343183816,77.47368818520934,75.16908257505284,76.57718548690043,77.03437042236328
2022-08-04 00:00:00-04:00,80.11455661150134,80.47983072369522,79.43335835377259,79.85787200927734,2787900,0.0,0.0,-0.006631484633160101,1.3330822240479798,77.35677680969238,80.41407316835047,74.29948045103428,78.44118516940098,77.47368818520934,75.16908257505284,76.57718548690043,76.9060287475586
2022-08-05 00:00:00-04:00,79.67029150381636,79.67029150381636,78.67318419502078,79.40373992919922,2408200,0.0,0.0,-0.005686754087629198,1.3255013132612292,77.48289527893067,80.65846288132978,74.30732767653156,78.44118516940098,77.47368818520934,75.16908257505284,76.57718548690043,74.46754455566406
2022-08-08 00:00:00-04:00,79.70978599192802,79.98621209257533,79.41361839782574,79.77889251708984,5039700,0.0,0.0,0.0047246211352907075,1.3317638047807188,77.61059913635253,80.93786200358191,74.28333626912315,78.51029247610103,77.47368818520934,75.27211304846531,76.57718548690043,75.0895004272461
2022-08-09 00:00:00-04:00,79.79864676581057,79.79864676581057,78.98910990433532,79.03846740722656,3254200,0.0,0.0,-0.009280965008440889,1.3194037515090409,77.72041625976563,81.0841541881707,74.35667833136056,78.51029247610103,77.47368818520934,76.32450946095204,76.57718548690043,74.27009582519531
2022-08-10 00:00:00-04:00,79.47285007564818,79.74927617513173,78.88050735789113,79.31488800048828,3480300,0.0,0.0,0.00349729191783954,1.3240180915855606,77.83816719055176,81.25221848095985,74.42411590014366,78.51029247610103,77.47368818520934,76.80532348348243,76.57718548690043,74.72422790527344
2022-08-11 00:00:00-04:00,79.27539858013046,79.59131517276569,78.33751578208677,78.48560333251953,4932800,0.0,0.0,-0.010455599054286613,1.3101746892793202,77.91886940002442,81.31375528870011,74.52398351134873,79.23591450874619,77.47368818520934,77.23707484410059,76.57718548690043,75.0401382446289
2022-08-12 00:00:00-04:00,78.66330862298514,79.4728453802349,78.57445307794588,79.2655258178711,3277500,0.0,0.0,0.009937140726908433,1.3231940795435224,78.04788970947266,81.44153718678382,74.6542422321615,79.52714524661147,77.47368818520934,77.28613874332129,76.57718548690043,74.20098876953125
2022-08-15 00:00:00-04:00,79.47285150694164,80.30212982032744,79.30502244809638,80.20340728759766,4257600,0.0,0.0,0.011832148466176085,1.3388503083422465,78.27433853149414,81.60749171286571,74.94118535012257,79.52714524661147,77.47368818520934,77.2640611463936,76.07674683294687,73.94430541992188
2022-08-16 00:00:00-04:00,80.40086053424638,81.32886138785446,80.40086053424638,81.13141632080078,2905800,0.0,0.0,0.0115706933731059,1.354341734732563,78.52707252502441,81.9220101398272,75.13213491022162,79.83318858497061,77.77973152356849,77.22971718716184,76.07674683294687,74.3984375
2022-08-17 00:00:00-04:00,81.00307223557833,81.21039180140716,80.67728111839905,81.12153625488281,2128500,0.0,0.0,-0.00012177854604311644,1.3541768049652618,78.85088729858398,81.9194140134264,75.78236058374156,79.83318858497061,77.77973152356849,77.19537305836934,75.90502208719344,74.56626892089844
2022-08-18 00:00:00-04:00,80.87472810667275,81.92120800518809,80.69702454141891,81.79286193847656,2634300,0.0,0.0,0.00827555436677696,1.36538336873698,79.18111915588379,82.01174991562914,76.35048839613845,80.12936189363742,78.0759048322353,77.18555993317696,75.90502208719344,74.04302978515625
2022-08-19 00:00:00-04:00,81.93107816734174,82.74061498892502,81.52631352257332,82.20750427246094,4663000,0.0,0.0,0.005069419557616861,1.3723050698901,79.46741905212403,82.30631441599897,76.62852368824909,80.53906538550589,78.48560832410377,76.98440239347417,75.90502208719344,71.6539077758789
2022-08-22 00:00:00-04:00,81.93107140437735,82.01005243704807,80.85498307941049,80.91421508789062,4144100,0.0,0.0,-0.0157320088478049,1.3507159543887015,79.67029685974121,82.304300739896,77.03629297958643,80.53906538550589,78.48560832410377,76.97213967098872,75.90502208719344,71.97969818115234
2022-08-23 00:00:00-04:00,80.37124174852136,80.42059924755497,79.6209369619758,79.9269790649414,2567700,0.0,0.0,-0.01220102082034491,1.334235840906833,79.79024658203124,82.23261574383281,77.34787742022968,80.53906538550589,78.48560832410377,76.94270251064441,75.90502208719344,70.85424041748047
2022-08-24 00:00:00-04:00,80.15405453616223,80.15405453616223,79.43336569364786,79.96647644042969,2390900,0.0,0.0,0.0004941682514509882,1.334895177899357,79.90081748962402,82.15571003365716,77.64592494559088,80.65753403343544,78.48560832410377,76.64341788912503,75.90502208719344,69.3536376953125
2022-08-25 00:00:00-04:00,79.73940175622262,80.01583538807763,79.43335965029816,79.88748931884766,2660000,0.0,0.0,-0.000987752932203656,1.3335766312732023,79.98621368408203,82.0971514907015,77.87527587746256,81.0228187185107,78.53003174885774,76.03224099847267,75.90502208719344,70.2026596069336
2022-08-26 00:00:00-04:00,79.83813296372861,80.16391656771788,78.06109725084889,78.19931030273438,3407600,0.0,0.0,-0.02113195733784301,1.3053955467943925,80.00941390991211,82.02809347870873,77.9907343411155,80.40085611988695,78.91505445727603,75.97091392348128,75.90502208719344,70.92333984375
2022-08-29 00:00:00-04:00,77.96237863921982,78.84102202698585,77.43914241190375,78.574462890625,2273600,0.0,0.0,0.004797389982575062,1.311658038313882,79.93487739562988,82.04871212711784,77.82104266414193,80.08987870041437,79.45310530829542,75.97091392348128,75.90502208719344,70.2026596069336
2022-08-30 00:00:00-04:00,78.73241941234733,78.94961349861224,77.79454407479932,77.99198913574219,3095500,0.0,0.0,-0.00741301605451139,1.3019346962178324,79.87268104553223,82.13478252885636,77.6105795622081,80.08987870041437,79.45310530829542,75.93656787418945,75.90502208719344,68.67243194580078
2022-08-31 00:00:00-04:00,78.23879751532048,78.55471412514152,77.14296012736871,77.21206665039062,4054100,0.0,0.0,-0.010000033259751073,1.2889153059536302,79.7137351989746,82.24195568288529,77.18551471506392,79.94178755814687,79.52221261499545,75.9904029246228,75.90502208719344,68.10971069335938
2022-09-01 00:00:00-04:00,77.13308692543231,78.78178405761719,76.77767979183943,78.78178405761719,5924100,0.0,0.0,0.020329949389052082,1.3151188888904422,79.6599308013916,82.2195401544883,77.10032144829489,79.39386611444375,79.52221261499545,76.4301159311253,75.90502208719344,67.6062240600586
2022-09-02 00:00:00-04:00,79.11744161284778,79.39386770769937,76.9158998345325,77.17257690429688,3111700,0.0,0.0,-0.020426132418420728,1.2882560963199996,79.54837265014649,82.33026692048671,76.76647837980627,78.5991395196972,79.52221261499545,76.90670791069314,75.90502208719344,68.16895294189453
2022-09-06 00:00:00-04:00,76.68883142638754,78.10058544173866,76.57035987171223,76.77767944335938,4137000,0.0,0.0,-0.005117069777613059,1.2816639999836947,79.39831199645997,82.42969597646601,76.36692801645393,78.36713821971506,79.65548743031863,76.90670791069314,75.90502208719344,68.22817993164062
2022-09-07 00:00:00-04:00,77.09359990534756,77.6563341691103,76.91590386253394,77.54773712158203,4264500,0.0,0.0,0.010029707641668661,1.2945187151983828,79.32377548217774,82.45954735749659,76.18800360685889,78.36713821971506,79.65548743031863,77.44406877807081,75.99250216511979,70.10393524169922
2022-09-08 00:00:00-04:00,76.96525805451857,77.30092369573167,75.86942064533886,76.84678649902344,5775200,0.0,0.0,-0.00903895650055675,1.282817616842548,79.20037040710449,82.51880309680219,75.88193771740679,78.01666860652837,79.30501781713194,77.46628049044779,75.99250216511979,70.41985321044922
2022-09-09 00:00:00-04:00,76.6296057581322,77.81429127476353,76.22483356185428,77.03437042236328,6405300,0.0,0.0,0.0024410119392854757,1.2859489899611865,79.12780876159668,82.5681561906774,75.68746133251597,77.63164417651912,79.30501781713194,77.68841125179547,76.0221215722583,71.21952056884766
2022-09-12 00:00:00-04:00,77.14296433483557,77.61684304143607,76.63946962133127,76.9060287475586,6390600,0.0,0.0,-0.0016660313325209675,1.2838065586518874,79.00983390808105,82.58389926560902,75.43576855055308,77.63164417651912,79.30501781713194,77.95743667730517,76.0221215722583,71.98957061767578
2022-09-13 00:00:00-04:00,76.57036392104409,76.83692305014866,74.36882202090358,74.46754455566406,3988500,0.0,0.0,-0.03170732167043455,1.2431004911340984,78.72304077148438,82.76345538109774,74.68262616187101,76.88134486430147,78.55471850491429,77.95743667730517,76.0221215722583,70.8344955444336
2022-09-14 00:00:00-04:00,74.83282335311,76.38279043882362,74.50703222203767,75.0895004272461,8077500,0.0,0.0,0.00835203947294283,1.253482915504885,78.42094497680664,82.59857375345379,74.24331620015948,76.88134486430147,78.55471850491429,77.99199033065518,76.0221215722583,69.8109359741211
2022-09-15 00:00:00-04:00,75.24746167562664,75.29681917455063,73.57902305184334,74.27009582519531,4982400,0.0,0.0,-0.010912372533956272,1.239804442965946,78.07837295532227,82.43578587708086,73.72096003356367,76.48644537977135,78.15981902038418,77.99199033065518,76.0221215722583,71.0233154296875
2022-09-16 00:00:00-04:00,74.37868774139795,74.82295043836079,74.13187764265632,74.72422790527344,5304400,0.0,0.0,0.00611460204854164,1.2473853537526967,77.72494125366211,81.9636812563455,73.48620125097872,75.839804246791,78.15981902038418,77.99199033065518,76.0221215722583,71.56986999511719
2022-09-19 00:00:00-04:00,74.51690208425305,75.10924476520599,74.47741156791675,75.0401382446289,3646200,0.0,0.0,0.004227682884270667,1.2526589034628468,77.3665729522705,81.21914729236158,73.51399861217942,75.69665716330343,78.15981902038418,78.35480134697777,76.0221215722583,72.30525207519531
2022-09-20 00:00:00-04:00,74.73409193355042,74.91179549890553,73.84558163882102,74.20098876953125,2738600,0.0,0.0,-0.011182674962058936,1.2386508261070925,77.03091163635254,80.75490644312977,73.30691682957531,75.69665716330343,78.15981902038418,78.5004167159104,76.0221215722583,72.97106170654297
2022-09-21 00:00:00-04:00,74.61562917462413,75.3461849414322,73.93443090722214,73.94430541992188,2884500,0.0,0.0,-0.003459298236666797,1.2343659634884945,76.73177795410156,80.43809381813448,73.02546209006864,75.69665716330343,78.15981902038418,78.5004167159104,76.0221215722583,72.7723159790039
2022-09-22 00:00:00-04:00,73.89494278463508,74.76371916127205,73.7567297305422,74.3984375,3452100,0.0,0.0,0.006141542306728809,1.241946874275245,76.45337600708008,79.97596097283264,72.93079104132752,75.5979330466397,78.15981902038418,78.80646005426955,76.32816491061746,74.17350006103516
2022-09-23 00:00:00-04:00,74.25035228268173,74.96116660168103,73.83571310728107,74.56626892089844,4471900,0.0,0.0,0.0022558460437887007,1.2447485152181745,76.18731498718262,79.42118809959726,72.95344187476798,75.207973050996,78.15981902038418,78.80646005426955,76.32816491061746,73.37849426269531
2022-09-26 00:00:00-04:00,74.56626599051059,74.81307608979444,73.82583569265903,74.04302978515625,3797200,0.0,0.0,-0.007017102281156817,1.2360139875725704,75.97950096130371,79.20354626660591,72.75545565600152,74.98090674533347,78.15981902038418,79.10263336293636,76.62433821928428,73.27912139892578
2022-09-27 00:00:00-04:00,74.3984347960417,74.67486089418092,71.60454274461992,71.6539077758789,5260600,0.0,0.0,-0.03226667001890171,1.1961319320968193,75.6334732055664,79.14515273636472,72.12179367476809,73.47536384302606,76.807297590834,79.51233685480483,77.03404171115274,72.315185546875
2022-09-28 00:00:00-04:00,72.21663375831005,72.47331836059118,71.27875089814856,71.97969818115234,6450900,0.0,0.0,0.004546722089358468,1.201570411574271,75.33285865783691,79.01266909643161,71.65304821924221,73.31246791979038,75.84967507285177,79.51233685480483,77.03404171115274,71.93756103515625
2022-09-29 00:00:00-04:00,71.9895683874723,72.26599449521713,70.33100420895683,70.85424041748047,4617200,0.0,0.0,-0.015635766641302395,1.1827829370158018,75.01496734619141,79.07376821162183,70.956166480761,72.83859457519452,75.24746038833734,79.51233685480483,77.03404171115274,72.7325668334961
2022-09-30 00:00:00-04:00,71.08130838523132,71.3676090034063,69.26478967521327,69.3536376953125,7510600,0.0,0.0,-0.02117872851824054,1.1577330982967369,74.54356002807617,78.92382152645943,70.16329852969291,72.30548730832274,74.71435312146556,79.5715711787696,77.03404171115274,73.0406265258789
2022-10-03 00:00:00-04:00,69.92623352305485,70.45934419855496,69.18580328464566,70.2026596069336,3840300,0.0,0.0,0.01224192327662843,1.171905978060899,74.195064163208,78.78941249341455,69.60071583300146,72.26599411303893,74.67485992618177,79.77642523368422,77.03404171115274,73.34868621826172
2022-10-04 00:00:00-04:00,70.37048768361053,71.49594102792062,70.31125567560866,70.92333984375,4066900,0.0,0.0,0.01026571131138776,1.1839364265157617,73.90234718322753,78.54747799386588,69.25721637258918,72.07348494316335,74.28983549617251,79.65795528858149,77.03404171115274,73.00086975097656
2022-10-05 00:00:00-04:00,71.18002541266088,71.18002541266088,69.70903944799414,70.2026596069336,3467800,0.0,0.0,-0.01016139733977739,1.171905978060899,73.53509330749512,78.12992407329968,68.94026254169056,72.07348494316335,74.28983549617251,79.7714920043549,77.03404171115274,74.50143432617188
2022-10-06 00:00:00-04:00,70.06444436569734,70.15329237613551,68.60332542700033,68.67243194580078,3383000,0.0,0.0,-0.021797289015837773,1.1463616047577174,73.12637557983399,77.92224309821304,68.33050806145494,71.70820075839738,73.99859656734985,79.7714920043549,77.03404171115274,74.10393524169922
2022-10-07 00:00:00-04:00,68.65269590709515,68.7612929498423,67.86290060203333,68.10971069335938,4316300,0.0,0.0,-0.008194281700778072,1.1369679948373768,72.68014259338379,77.59905452019541,67.76123066657217,71.26888074810714,73.62838415486635,79.73200008657116,77.19104181556773,74.10393524169922
2022-10-10 00:00:00-04:00,68.13932723330086,68.51448339556669,66.97438329182872,67.6062240600586,4756700,0.0,0.0,-0.007392288532358626,1.1285631993674816,72.21515235900878,77.20673901568419,67.22356570233337,69.72385082620994,73.18412549976404,79.45803936471961,77.87301645866992,74.84925079345703
2022-10-11 00:00:00-04:00,67.8135457937194,68.7415466521353,67.78392978671256,68.16895294189453,3974400,0.0,0.0,0.008323625371179366,1.1379569366467162,71.90022277832031,77.07702692971294,66.72341862692768,69.62018889352292,72.53748436678369,79.06067606734632,78.48560832410377,75.5349349975586
2022-10-12 00:00:00-04:00,68.34665148299037,68.91924515106582,68.18868941452405,68.22817993164062,2819400,0.0,0.0,0.0008688264553011749,1.1389456237382682,71.55715675354004,76.75264556958898,66.3616679374911,69.23516215987468,72.39433728329612,79.01131282501684,78.48560832410377,74.8194351196289
2022-10-13 00:00:00-04:00,68.69218132290156,70.3606122945383,67.84315406924448,70.10393524169922,4459900,0.0,0.0,0.027492383820555633,1.1702579539768228,71.34884872436524,76.42393562818441,66.27376182054607,69.23516215987468,72.39433728329612,79.01131282501684,78.48560832410377,75.98212432861328
2022-10-14 00:00:00-04:00,70.4099786983637,71.21951545232176,69.98546506323656,70.41985321044922,4964800,0.0,0.0,0.004506422751601624,1.1755316310458668,71.13362998962403,75.97512939542949,66.29213058381856,69.23516215987468,72.39433728329612,78.66084321183016,78.48560832410377,76.43924713134766
2022-10-17 00:00:00-04:00,70.62717784594106,71.78224728541588,70.36061872480295,71.21952056884766,4118000,0.0,0.0,0.011355708964752242,1.188880626126884,70.94259910583496,75.4379816711078,66.44721654056211,69.3783152886223,72.29561316663239,78.46833099682553,78.48560832410377,75.89268493652344
2022-10-18 00:00:00-04:00,72.00931964429596,73.94430999050135,71.50582491413613,71.98957061767578,10417100,0.0,0.0,0.01081234530473596,1.2017352139826787,70.83202819824218,75.10215567762745,66.56190071885692,70.45934664116504,71.90565317098869,78.46833099682553,78.48560832410377,76.44918823242188
2022-10-19 00:00:00-04:00,71.94020745471259,72.36472110908304,70.65679197906815,70.8344955444336,5301800,0.0,0.0,-0.016045033514321072,1.1824533321989867,70.67653770446778,74.69869636648164,66.65437904245391,70.45934664116504,71.67858686532617,77.71803168460788,78.48560832410377,76.2901840209961
2022-10-20 00:00:00-04:00,70.81462557506217,71.33137222781471,69.75131340157174,69.8109359741211,3436100,0.47,0.0,-0.014450015666031435,1.1653668630243603,70.44716262817383,74.09622567126804,66.79809958507961,70.45934664116504,71.16028411663046,77.71803168460788,78.48560832410377,75.90261840820312
2022-10-21 00:00:00-04:00,70.03950502878811,71.3214358878665,69.81093918731098,71.0233154296875,5947100,0.0,0.0,0.01736661224562064,1.1856053374583997,70.27001495361328,73.40455203706554,67.13547787016103,70.86411988860695,71.16028411663046,77.32313220007777,78.15981902038418,75.49518585205078
2022-10-24 00:00:00-04:00,71.58974924041168,72.13630717864007,70.77487456268209,71.56986999511719,3500900,0.0,0.0,0.007695424553515462,1.194729073883056,70.14635696411133,72.83463061133222,67.45808331689045,70.89373202987292,71.16028411663046,76.9998116335876,78.15981902038418,76.9957504272461
2022-10-25 00:00:00-04:00,71.54999995281436,72.49405941950744,71.34131336275728,72.30525207519531,3983300,0.0,0.0,0.010275023276251627,1.207004942926019,70.17892417907714,72.95478057257012,67.40306778558417,70.89373202987292,71.16028411663046,76.92823809184381,78.15981902038418,77.2640609741211
2022-10-26 00:00:00-04:00,72.55368853242652,73.19962753906047,72.05681353989435,72.97106170654297,3624800,0.0,0.0,0.009208316301217323,1.2181194262176145,70.22849235534667,73.16380516885762,67.29317954183573,71.84781169603654,71.16028411663046,76.92823809184381,78.15981902038418,77.68143463134766
2022-10-27 00:00:00-04:00,73.2294400700972,73.7759980221451,72.6033727165716,72.7723159790039,5128900,0.0,0.0,-0.0027236238981739325,1.2148017270375382,70.32439613342285,73.45618074840523,67.19261151844047,71.84781169603654,70.96777494675487,76.92823809184381,78.15981902038418,76.63800048828125
2022-10-28 00:00:00-04:00,71.19225003420348,74.21325097119822,70.84443904741529,74.17350006103516,5613100,0.0,0.0,0.019254356044344112,1.238191952013203,70.56538925170898,74.08366181666622,67.04711668675174,71.98228218638498,70.96777494675487,76.87887603351194,78.15981902038418,76.72743225097656
2022-10-31 00:00:00-04:00,74.14368598657452,74.63062134977274,73.11018510631973,73.37849426269531,6690600,0.0,0.0,-0.01071819177584521,1.2249207732162173,70.72418098449707,74.44570141270422,67.00266055628991,72.19096737567224,70.89372969081157,76.68389603569008,78.15981902038418,77.06531524658203
2022-11-01 00:00:00-04:00,73.28906102160431,74.08406403825174,73.08037443561926,73.27912139892578,3716000,0.0,0.0,-0.0013542505166946883,1.2232619236261792,70.84197006225585,74.72854006237688,66.95540006213483,72.19096737567224,70.82462209300482,76.57036288285883,78.15981902038418,77.65161895751953
2022-11-02 00:00:00-04:00,73.15987912839607,73.93500293014444,72.30525350551686,72.315185546875,3991800,0.0,0.0,-0.013154304168075281,1.2071707642055756,70.94759635925293,74.8739810106454,67.02121170786046,72.22078026854186,70.80250232080073,75.14133071693003,77.17257886677247,77.29386901855469
2022-11-03 00:00:00-04:00,71.75868573402204,72.30525126018513,71.61956134221883,71.93756103515625,3001600,0.0,0.0,-0.005221925503792968,1.2008670084045372,71.1108528137207,74.91351796492513,67.30818766251626,72.70274795622741,70.80250232080073,74.58107149632107,77.00968294353679,78.11868286132812
2022-11-04 00:00:00-04:00,72.54375190239713,73.21950222338653,71.85806195826804,72.7325668334961,3947400,0.0,0.0,0.011051331000106135,1.214138187201523,71.34199562072754,74.94128348648839,67.7427077549667,72.73753019859402,70.80250232080073,74.04302748176593,76.53580959894092,78.2578125
2022-11-07 00:00:00-05:00,73.03068690279223,73.54744115934571,72.65306462431928,73.0406265258789,3052500,0.0,0.0,0.0042355124505373265,1.2192806846100877,71.61371574401855,74.8413999699228,68.3860315181143,72.73753019859402,70.80250232080073,73.50992021489415,76.00270233206913,78.8441162109375
2022-11-08 00:00:00-05:00,73.40831637475544,74.28281365898373,72.89156212093482,73.34868621826172,3291500,0.0,0.0,0.004217648547601982,1.2244231820186526,71.87270240783691,74.76338878746012,68.9820160282137,72.73753019859402,70.80250232080073,73.47042701961036,75.96320913678534,77.39324188232422
2022-11-09 00:00:00-05:00,73.30892980651781,73.41824290655704,72.96111884353408,73.00086975097656,3368700,0.0,0.0,-0.0047419590618182905,1.218617017415179,72.11133689880371,74.49828826039104,69.72438553721639,72.73753019859402,70.80250232080073,73.18166021966793,75.96320913678534,77.27400207519531
2022-11-10 00:00:00-05:00,74.31261941114249,74.64055871144288,73.32880909195167,74.50143432617188,3828200,0.0,0.0,0.02055543420666206,1.2436662193397754,72.33121185302734,74.74829798166355,69.91412572439113,73.13006002683085,70.8074710016358,73.18166021966793,75.96320913678534,77.49263000488281
2022-11-11 00:00:00-05:00,74.40206326651824,74.90887029431572,73.17974746281298,74.10393524169922,3160000,0.0,0.0,-0.005335455458916116,1.2370306936207294,72.51541595458984,74.88223405755662,70.14859785162307,73.26421581826727,70.94162679307222,72.85339866287362,75.67197020796267,77.20443725585938
2022-11-14 00:00:00-05:00,74.43187455265802,75.63431111112968,74.08406357817623,74.10393524169922,3243300,0.0,0.0,0.0,1.2370306936207294,72.65963668823242,75.04466842919017,70.27460494727468,73.62693622667425,71.3043472014792,72.44863245148674,75.30175779547918,78.49630737304688
2022-11-15 00:00:00-05:00,75.00825443500801,75.44549928585137,74.11387790556104,74.84925079345703,3495900,0.0,0.0,0.010057705428556218,1.2494723839432493,72.80262069702148,75.34904994433423,70.25619144970874,73.62693622667425,71.70912044892111,71.45398816298699,74.85749914037686,78.78450012207031
2022-11-16 00:00:00-05:00,75.21693532029948,76.09143253733446,75.1771844129283,75.5349349975586,2799000,0.0,0.0,0.009160869305073982,1.2609186371528527,73.03764266967774,75.68097607336912,70.39430926598635,73.97474724780125,71.96729330328947,71.0788366301533,74.85749914037686,78.95343017578125
2022-11-17 00:00:00-05:00,75.37593266900953,75.7734341678716,74.57099763055392,74.8194351196289,4618500,0.0,0.0,-0.009472436534867179,1.248974665386791,73.28806762695312,75.58380268188426,70.99233257202198,74.37224858082686,71.96729330328947,70.8147497215854,74.85749914037686,79.44037628173828
2022-11-18 00:00:00-05:00,75.59456243393404,76.20075054237302,75.24675144918484,75.98212432861328,4060900,0.0,0.0,0.015539935674806271,1.2683836513463644,73.53600807189942,75.87101095998199,71.20100518381685,74.54615633165392,72.97603197197238,70.8147497215854,74.85749914037686,78.3273696899414
2022-11-21 00:00:00-05:00,76.22062092127432,76.80693735571741,75.86287031964717,76.43924713134766,4228200,0.0,0.0,0.006016188765101793,1.2760144868194332,73.77947692871093,76.25639938231308,71.30255447510879,74.88402809962574,73.27912537864458,70.8147497215854,74.85749914037686,78.87393951416016
2022-11-22 00:00:00-05:00,76.73737086127136,76.90630652987889,75.61442858729245,75.89268493652344,4288800,0.0,0.0,-0.00715028228738368,1.2668906230358832,73.95884857177734,76.50217709731882,71.41552004623586,75.04302699634593,73.32880996572531,70.83696422762735,74.85749914037686,78.29756164550781
2022-11-23 00:00:00-05:00,76.06162633678312,76.52869005247875,76.00200376259589,76.44918823242188,3861400,0.0,0.0,0.0073327659492334885,1.2761804354578838,74.13275489807128,76.85357795209876,71.4119318440438,75.04302699634593,73.32880996572531,71.18249990607686,74.85749914037686,78.63542938232422
2022-11-25 00:00:00-05:00,76.64793462686214,76.74731569204444,76.180878496375,76.2901840209961,1388800,0.0,0.0,-0.002079867884827946,1.2735261487549292,74.3086483001709,77.10947840399189,71.50781819634992,75.49518505402756,73.32880996572531,71.0689667532456,74.85749914037686,79.14225006103516
2022-11-28 00:00:00-05:00,76.06162203933326,76.48893482085745,75.7734336441927,75.90261840820312,2511800,0.0,0.0,-0.005080150451417298,1.2670564443154402,74.3951042175293,77.28031503890566,71.50989339615293,75.51009221771997,73.35862285859494,70.80981537889775,74.85749914037686,78.04912567138672
2022-11-29 00:00:00-05:00,75.48524622954842,75.90261939412073,75.16724654486802,75.49518585205078,2499800,0.0,0.0,-0.00536783268742036,1.2602550973168372,74.50093879699708,77.38449056034072,71.61738703365343,75.73865208021641,73.84059054628048,71.01220200261871,74.85749914037686,79.4801254272461
2022-11-30 00:00:00-05:00,75.38587275864735,76.9957504272461,75.22686912543291,76.9957504272461,5816100,0.0,0.0,0.01987629486913245,1.2853042992414339,74.68677024841308,77.70866264672902,71.66487785009714,75.7833740289,73.92009473733069,71.0270080732517,74.85749914037686,78.2379379272461
2022-12-01 00:00:00-05:00,77.28393263777589,77.95968292769902,77.1944987787633,77.2640609741211,3507100,0.0,0.0,0.003484744877297219,1.2897832568139835,74.9342140197754,77.94918838752092,71.91923965202987,76.56346473628352,74.40206098755715,71.0270080732517,74.85749914037686,77.820556640625
2022-12-02 00:00:00-05:00,76.98581267342594,77.76093644988462,76.78705812708351,77.68143463134766,2797000,0.0,0.0,0.005401911988115016,1.296750552451037,75.22140769958496,78.13119452227016,72.31162087689975,76.56346473628352,74.40206098755715,71.50404790633351,74.85749914037686,76.64793395996094
2022-12-05 00:00:00-05:00,76.99575108435637,77.2441885770913,76.47899685370983,76.63800048828125,3160000,0.0,0.0,-0.01343222029843072,1.279332313358403,75.41667938232422,78.14907359319537,72.68428517145307,76.56346473628352,74.40206098755715,71.4077933213957,74.85749914037686,76.3597412109375
2022-12-06 00:00:00-05:00,76.73737187329347,77.18455631531923,76.21068561615324,76.72743225097656,3020100,0.0,0.0,0.0011669375782970004,1.2808252143099905,75.6010196685791,78.15727760526937,73.04476173188883,76.56346473628352,74.78962213495893,71.47502856656993,74.85749914037686,77.36343383789062
2022-12-07 00:00:00-05:00,76.77712683784662,77.19450001668655,76.51874971592682,77.06531524658203,4032600,0.0,0.0,0.004403679175659647,1.2864655576339072,75.78685111999512,78.1957155028813,73.37798673710894,76.56346473628352,74.78962213495893,71.5423485332419,74.85749914037686,77.7410659790039
2022-12-08 00:00:00-05:00,76.89636688751136,77.68143024235889,76.57836721304113,77.65161895751953,2672300,0.0,0.0,0.007607880523962551,1.296252833894579,76.01938858032227,78.19141943209151,73.84735772855304,76.56346473628352,74.78962213495893,71.50779473433853,74.85749914037686,75.8429946899414
2022-12-09 00:00:00-05:00,77.48268393305388,77.87024580260776,77.21436720384867,77.29386901855469,2516700,0.0,0.0,-0.004607115006327933,1.2902808480115482,76.15901031494141,78.28066578370405,74.03735484617877,76.56346473628352,74.78962213495893,71.51164129467129,74.4922178644384,74.72999572753906
2022-12-12 00:00:00-05:00,77.50255517328156,78.21805633831362,77.1348725502642,78.11868286132812,4774600,0.0,0.0,0.010671141880288504,1.3040496180060983,76.35974769592285,78.42397476816075,74.29552062368495,76.72246273187326,75.03805914829083,71.75262513851408,73.69749126969185,75.44000244140625
2022-12-13 00:00:00-05:00,78.7546875,78.95343446731567,77.53237166404725,78.2578125,3760500,0.0,0.0,0.0017810033858205454,1.306372134791045,76.56744155883788,78.51324111097311,74.62164200670266,77.58206004173445,75.80324954581748,71.77001625969737,73.56914992977329,75.5
2022-12-14 00:00:00-05:00,78.44662230226916,79.34099117848325,78.0789320968696,78.8441162109375,3692000,0.0,0.0,0.007491951182988954,1.3161594110517167,76.76718482971191,78.78607010943523,74.74829954998859,77.77583839731824,76.11627664970904,71.77001625969737,73.56914992977329,75.94000244140625
2022-12-15 00:00:00-05:00,78.01930919103118,78.36712015047378,76.7373708704768,77.39324188232422,4021200,0.0,0.0,-0.018401808509485362,1.291939697601586,76.8601001739502,78.81284742173594,74.90735292616446,77.77583839731824,76.15105501100867,71.77001625969737,73.56914992977329,75.7699966430664
2022-12-16 00:00:00-05:00,76.98581366556785,77.63175268151141,76.76718745262903,77.27400207519531,9426200,0.0,0.0,-0.0015407005085820158,1.289949205452434,76.98282852172852,78.69892026578984,75.2667367776672,77.77583839731824,76.26036932064812,71.77001625969737,73.18412549976404,75.52999877929688
2022-12-19 00:00:00-05:00,77.11500014445501,78.42674986943726,76.93612483733422,77.49263000488281,3440300,0.0,0.0,0.002829255943994635,1.2935988019094113,77.058353805542,78.72327994095338,75.39342767013062,77.92987044720503,76.26036932064812,71.96876551423333,73.18412549976404,71.58999633789062
2022-12-20 00:00:00-05:00,77.41312383883619,77.58205951338257,76.647932119544,77.20443725585938,2831900,0.0,0.0,-0.0037189697782263886,1.2887879470599604,77.09661331176758,78.737612017647,75.45561460588817,77.95967919576219,76.71252737832974,72.10292130566975,73.18412549976404,72.87999725341797
2022-12-21 00:00:00-05:00,77.53236869686333,78.49630737304688,77.51249703357658,78.49630737304688,3025200,0.0,0.0,0.016733107099870193,1.3103533738071365,77.22679443359375,78.87827925344467,75.57530961374283,77.99446164901363,76.72743454202214,72.46564171407672,73.18412549976404,74.52999877929688
2022-12-22 00:00:00-05:00,78.49631170738115,78.8143114095018,77.7311275303665,78.78450012207031,2548400,0.0,0.0,0.0036714179133781055,1.3151642286565874,77.34356002807617,79.0872951314313,75.59982492472103,77.99446164901363,76.95599440451858,72.66802833779768,73.18412549976404,74.98999786376953
2022-12-23 00:00:00-05:00,78.7149323116239,79.08262252105389,78.44662316216066,78.95343017578125,1488500,0.0,0.0,0.002144204170226205,1.3179842092802052,77.47672233581542,79.28464046982201,75.66880420180884,77.99446164901363,76.95599440451858,72.97102027554536,72.53748436678369,73.7300033569336
2022-12-27 00:00:00-05:00,79.06274643488345,79.72856468739197,78.76462598820463,79.44037628173828,3078600,0.0,0.0,0.006167510453604086,1.326112890668626,77.65361022949219,79.50311952782629,75.80410093115809,78.18824840346798,77.44790561612999,73.16977094205816,72.39433728329612,74.29000091552734
2022-12-28 00:00:00-05:00,79.66893058784488,79.93724731645177,78.31743006769773,78.3273696899414,1918700,0.0,0.0,-0.014010590632772879,1.3075332658246248,77.79521942138672,79.37300859693606,76.21743024583738,78.29258971799788,77.55224693065989,73.76109415181315,72.39433728329612,73.8499984741211
2022-12-29 00:00:00-05:00,78.79443769527052,79.16212792135207,78.46649837863379,78.87393951416016,1954200,0.0,0.0,0.006978018365513261,1.3166572569670685,77.88912887573242,79.48906705690322,76.28919069456163,78.29258971799788,77.55224693065989,74.08157673913516,72.39433728329612,73.44999694824219
2022-12-30 00:00:00-05:00,78.8341875432212,78.9534326882393,77.72118483888485,78.29756164550781,2238600,0.0,0.0,-0.007307583115572225,1.3070356746270604,77.94080390930176,79.52312350346266,76.35848431514087,78.29258971799788,77.55224693065989,74.18591848103563,72.29561316663239,73.36000061035156
2023-01-03 00:00:00-05:00,78.29755804469706,78.67518028940572,77.2342459208258,78.63542938232422,2920200,0.0,0.0,0.00431517571832063,1.3126757632331898,77.98850364685059,79.59427142908369,76.38273586461749,78.29258971799788,77.55224693065989,74.18591848103563,71.94034491085381,72.83000183105469
2023-01-04 00:00:00-05:00,78.70499763119943,79.62918544226346,78.69506558994743,79.14225006103516,3976800,0.0,0.0,0.006445195030941875,1.3211362145396182,78.11371612548828,79.66789325794755,76.55953899302901,78.58574661863878,77.55224693065989,74.41199750987644,71.94034491085381,73.55000305175781
2023-01-05 00:00:00-05:00,79.02299642265375,79.31118483157871,77.94975218803243,78.04912567138672,2295600,0.0,0.0,-0.013812146973398054,1.3028884869725181,78.17980079650879,79.59757574962114,76.76202584339643,78.58574661863878,77.55224693065989,74.43435753815746,71.94034491085381,73.7699966430664
2023-01-06 00:00:00-05:00,78.90374862872896,79.95712116403159,78.67518280114095,79.4801254272461,2274500,0.0,0.0,0.01833460328414649,1.3267764305046412,78.300541305542,79.7294815223565,76.8716010887275,78.5956835424287,77.59199514473225,74.78962131324845,71.94034491085381,73.18000030517578
2023-01-09 00:00:00-05:00,79.46024613604543,79.89749854593686,78.0689946714268,78.2379379272461,2826000,0.0,0.0,-0.015628907142793413,1.3060403648730372,78.32985725402833,79.72772892091328,76.93198558714337,78.5956835424287,78.08390339009242,74.85173438311534,71.9850668595374,72.69999694824219
2023-01-10 00:00:00-05:00,78.47643525091064,78.47643525091064,77.53236824353377,77.820556640625,3397200,0.0,0.0,-0.0053347684982344434,1.2990729418770899,78.35619163513184,79.69285986248791,77.01952340777576,78.5956835424287,78.08390339009242,75.48276286192034,72.46703310976386,72.7699966430664
2023-01-11 00:00:00-05:00,77.94975160175636,78.22800038573989,76.21068912014856,76.64793395996094,9122200,0.0,0.0,-0.015068289553353265,1.2794981346379595,78.28265419006348,79.81347964985822,76.75182873026874,78.08390514209007,78.08390339009242,75.48276286192034,72.46703310976386,74.5199966430664
2023-01-12 00:00:00-05:00,76.87649542184471,77.11499328288095,75.87280586665635,76.3597412109375,6059000,0.0,0.0,-0.003759954562819412,1.2746872797885085,78.18775062561035,79.93546207821888,76.44003917300182,77.91496351534397,77.91496351534397,75.48276286192034,72.46703310976386,74.26000213623047
2023-01-13 00:00:00-05:00,76.21068781235303,77.51249785009831,76.09143508624476,77.36343383789062,3800100,0.0,0.0,0.013144264386393267,1.2914421064040211,78.11371650695801,79.86945340834005,76.35797960557598,77.91496351534397,77.91496351534397,75.67654343562123,72.46703310976386,74.41000366210938
2023-01-17 00:00:00-05:00,77.67150378214434,78.47643885747804,77.59200196238746,77.7410659790039,5615100,0.0,0.0,0.004881274296905991,1.2977459895639532,78.131107711792,79.86446095953866,76.39775446404533,77.91496351534397,77.91496351534397,75.67654343562123,72.46703310976386,73.66000366210938
2023-01-18 00:00:00-05:00,77.5025552607746,77.84043418095908,75.83305506771855,75.8429946899414,3996300,0.0,0.0,-0.024415297953016557,1.266061134561417,78.0595573425293,80.03283688655259,76.08627779850602,77.89508811587507,77.89508811587507,75.67654343562123,72.46703310976386,73.12999725341797
2023-01-19 00:00:00-05:00,75.2964329148734,76.05168502522274,74.72006368653562,74.72999572753906,4436400,0.0,0.0,-0.014675039757494623,1.2474816370763095,77.9214256286621,80.36951849816634,75.47333275915787,77.33859242528361,77.33859242528361,75.67654343562123,72.46703310976386,73.5999984741211
2023-01-20 00:00:00-05:00,74.75,75.54000091552734,74.02999877929688,75.44000244140625,11899800,0.47,0.0,0.0095009601827869,1.2593339104389294,77.83320388793945,80.4982966389258,75.1681111369531,76.96374866261687,76.99355997166424,75.88026094008205,72.59621981507117,73.30000305175781
2023-01-23 00:00:00-05:00,75.54000091552734,75.66999816894531,74.94000244140625,75.5,2463400,0.0,0.0,0.0007953016523343237,1.260335460778742,77.6833885192871,80.51600942643773,74.85076761213648,76.25321881838747,76.99355997166424,76.69265479377597,72.96390887957219,72.55000305175781
2023-01-24 00:00:00-05:00,75.38999938964844,75.98999786376953,74.5,75.94000244140625,4219100,0.0,0.0,0.005827846906043099,1.2676805028944178,77.54116363525391,80.42410197474128,74.65822529576654,76.25321881838747,76.99355997166424,76.94605752351364,73.15768723515598,73.7699966430664
2023-01-25 00:00:00-05:00,75.4800033569336,75.98999786376953,74.62999725341797,75.7699966430664,3142700,0.0,0.0,-0.0022386857107492553,1.2648425646667927,77.38199195861816,80.28714087796769,74.47684303926863,76.25321881838747,76.99355997166424,76.96344670416346,73.15768723515598,73.94999694824219
2023-01-26 00:00:00-05:00,75.62000274658203,75.80999755859375,75.12000274658203,75.52999877929688,3744000,0.0,0.0,-0.003167452479905797,1.2608362359486485,77.1864730834961,80.03640733607024,74.33653883092195,76.25321881838747,76.99355997166424,77.01810385898318,73.15768723515598,73.29000091552734
2023-01-27 00:00:00-05:00,72.8499984741211,73.04000091552734,70.94000244140625,71.58999633789062,13482900,0.0,0.0,-0.052164735933852846,1.1950650466445543,76.84960441589355,80.55537572319173,73.14383310859537,74.70822064944215,75.44856180271893,77.09511988392657,73.15768723515598,71.5
2023-01-30 00:00:00-05:00,72.19999694824219,73.7300033569336,72.05000305175781,72.87999725341797,9191600,0.0,0.0,0.018019290145494526,1.2165992704627815,76.54990730285644,80.51563965177019,72.58417495394269,74.39021831118266,75.44856180271893,77.33610328704597,73.15768723515598,71.95999908447266
2023-01-31 00:00:00-05:00,73.37999725341797,74.54000091552734,73.26000213623047,74.52999877929688,5890100,0.0,0.0,0.022639977882292328,1.2441430510376719,76.3615291595459,80.33530904825142,72.38774927084037,73.4958437333145,75.44856180271893,77.36094809551788,73.15768723515598,71.33999633789062
2023-02-01 00:00:00-05:00,74.43000030517578,75.30000305175781,74.11000061035156,74.98999786376953,3722200,0.0,0.0,0.0061719990877073805,1.2518219008136537,76.17925758361817,80.05113993303534,72.30737523420099,73.46500015258789,75.44856180271893,77.4752280267661,73.56246048259791,
2023-02-02 00:00:00-05:00,74.18000030517578,74.19999694824219,73.30999755859375,73.7300033569336,5024700,0.0,0.0,-0.016802167525393208,1.2307885795242266,75.90864524841308,79.6680545930759,72.14923590375027,73.46500015258789,75.44856180271893,77.4752280267661,73.59207262386386,
2023-02-03 00:00:00-05:00,73.95999908447266,74.4000015258789,73.22000122070312,74.29000091552734,3861200,0.0,0.0,0.007595246617347229,1.2401367223195277,75.72068901062012,79.40764942393841,72.03372859730183,73.46500015258789,75.44856180271893,77.81807700979898,73.78585937831822,
2023-02-06 00:00:00-05:00,74.19999694824219,74.41000366210938,73.27999877929688,73.8499984741211,4186900,0.0,0.0,-0.005922768017011637,1.2327916802038519,75.43918266296387,78.77432362632584,72.10404169960191,73.46500015258789,75.44856180271893,77.92241832432889,74.84428035901175,
2023-02-07 00:00:00-05:00,73.43000030517578,73.55000305175781,72.70999908447266,73.44999694824219,3755100,0.0,0.0,-0.005416405337084429,1.2261143807676824,75.19978561401368,78.37904509097984,72.02052613704751,73.375,75.44856180271893,77.92241832432889,74.84428035901175,
2023-02-08 00:00:00-05:00,73.12000274658203,73.68000030517578,72.80999755859375,73.36000061035156,3230100,0.0,0.0,-0.0012252735415910765,1.2246120552579634,74.9767578125,78.01026953456463,71.94324609043537,73.12000274658203,75.44856180271893,77.92241832432889,74.84428035901175,
2023-02-09 00:00:00-05:00,73.51000213623047,73.75,72.80999755859375,72.83000183105469,3740400,0.0,0.0,-0.0072246288834147965,1.2157646876325687,74.78586120605469,77.85538125937977,71.71634115272961,73.67500305175781,75.44856180271893,77.92241832432889,74.84428035901175,
2023-02-10 00:00:00-05:00,72.93000030517578,73.7300033569336,72.7300033569336,73.55000305175781,3524300,0.0,0.0,0.009886052486629548,1.227783801145895,74.6453742980957,77.67028963262227,71.62045896356913,74.00500106811523,75.44856180271893,78.06899677464934,74.84428035901175,
2023-02-13 00:00:00-05:00,73.87000274658203,74.04000091552734,73.45999908447266,73.7699966430664,3664300,0.0,0.0,0.0029910752165949184,1.2314561948448393,74.4657024383545,77.23712106462183,71.69428381208716,74.00500106811523,75.44856180271893,78.06899677464934,74.87409325188138,
2023-02-14 00:00:00-05:00,73.91000366210938,73.91000366210938,72.9000015258789,73.18000030517578,2382500,0.0,0.0,-0.007997781818335992,1.221607276879632,74.23764915466309,76.61158805311624,71.86371025620994,73.56000137329102,75.41875049367155,78.09383934358047,75.36599786335684,
2023-02-15 00:00:00-05:00,72.87000274658203,72.98999786376953,72.29000091552734,72.69999694824219,4399200,0.0,0.0,-0.006559215016833542,1.21359449208445,74.08049926757812,76.42415075373633,71.73684778141991,73.35000228881836,74.70822064944215,78.33979346626056,75.40078010572344,
2023-02-16 00:00:00-05:00,72.31999969482422,72.97000122070312,71.73999786376953,72.7699966430664,4701800,0.0,0.0,0.000962856915579513,1.2147630099338627,73.9824993133545,76.37327673625981,71.59172189044918,73.07500076293945,74.70822064944215,78.33979346626056,75.40078010572344,
2023-02-17 00:00:00-05:00,72.95999908447266,74.95999908447266,72.95999908447266,74.5199966430664,5019100,0.0,0.0,0.024048372691064968,1.243976083528072,73.9364990234375,76.24651177999836,71.62648626687665,73.3499984741211,74.70822064944215,78.08390426609125,75.40078010572344,
2023-02-21 00:00:00-05:00,73.9000015258789,74.7300033569336,73.9000015258789,74.26000213623047,4098100,0.0,0.0,-0.0034889226858295652,1.2396359471496214,73.87449913024902,76.07620650099335,71.67279175950469,73.3499984741211,74.70822064944215,77.91496351534397,75.40078010572344,
2023-02-22 00:00:00-05:00,74.5,75.04000091552734,74.19000244140625,74.41000366210938,3645600,0.0,0.0,0.002019950465443454,1.2421399503580468,73.79799919128418,75.8028007417428,71.79319764082555,73.38999938964844,74.70822064944215,77.91496351534397,75.78834125312521,
2023-02-23 00:00:00-05:00,74.41000366210938,74.7699966430664,72.91999816894531,73.66000366210938,3008600,0.0,0.0,-0.010079289921899437,1.2296200616748143,73.69249954223633,75.4790611160516,71.90593796842107,73.38999938964844,74.39021831118266,77.91496351534397,75.78834125312521,
2023-02-24 00:00:00-05:00,73.27999877929688,73.36000061035156,72.75,73.12999725341797,3115000,0.0,0.0,-0.007195307932954087,1.220772566690526,73.57249946594239,75.15833454961812,71.98666438226665,73.38999938964844,73.4958437333145,77.89508811587507,75.78834125312521,
2023-02-27 00:00:00-05:00,73.41999816894531,74.13999938964844,73.22000122070312,73.5999984741211,3434600,0.0,0.0,0.006426927914060077,1.2286183839761082,73.67299957275391,74.96895997960318,72.37703916590463,73.38999938964844,73.46500015258789,77.33859242528361,75.78834125312521,
2023-02-28 00:00:00-05:00,73.29000091552734,73.6500015258789,72.87000274658203,73.30000305175781,3614300,0.0,0.0,-0.004076024844875015,1.2236105049181514,73.69399986267089,74.95046813452461,72.43753159081717,73.38999938964844,73.46500015258789,76.97865431714055,75.90759156114981,
2023-03-01 00:00:00-05:00,73.3499984741211,73.3499984741211,71.81999969482422,72.55000305175781,2880800,0.0,0.0,-0.010231923175643254,1.2110906162349189,73.59500007629394,74.88433386867,72.30566628391789,73.38999938964844,73.46500015258789,76.62338939502585,76.30509289417543,
2023-03-02 00:00:00-05:00,72.58999633789062,73.94999694824219,72.54000091552734,73.7699966430664,2916000,0.0,0.0,0.01681589993095156,1.2314561948448397,73.53400001525878,74.65652482330269,72.41147520721488,73.43000030517578,73.46500015258789,76.62338939502585,76.4243416424832,
2023-03-03 00:00:00-05:00,74.0,74.08999633789062,73.25,73.94999694824219,2532600,0.0,0.0,0.0024400205146639653,1.234460973223171,73.54499969482421,74.67936942493726,72.41062996471116,73.43000030517578,73.375,76.62338939502585,76.45912000378283,
2023-03-06 00:00:00-05:00,73.69999694824219,74.04000091552734,73.22000122070312,73.29000091552734,3001600,0.0,0.0,-0.008924896010161776,1.223443537408551,73.49499969482422,74.58017796367257,72.40982142597586,73.43000030517578,73.12000274658203,76.62338939502585,76.56843431342229,
2023-03-07 00:00:00-05:00,73.25,73.37000274658203,71.05000305175781,71.5,6423000,0.0,0.0,-0.024423535177608535,1.1935627211348354,73.37749977111817,74.75627478535401,71.99872475688232,72.90999984741211,73.17500305175781,75.07839122608054,75.44856180271893,
2023-03-08 00:00:00-05:00,71.43000030517578,72.04000091552734,71.23999786376953,71.95999908447266,2942800,0.0,0.0,0.00643355362898812,1.2012415709108173,73.3029998779297,74.81421622670192,71.79178352915747,72.59500122070312,73.17500305175781,74.91939005695079,75.44856180271893,
2023-03-09 00:00:00-05:00,72.33000183105469,72.52999877929688,70.91999816894531,71.33999633789062,4544395,0.0,0.0,-0.008615935998751434,1.19089175041681,73.20199966430664,74.94009647158988,71.4639028570234,72.52999877929688,73.11000061035156,74.47220276801671,75.44856180271893,
